0
0 0.0 0.0 0 0 1.0
1 0.0 0.0 0 0 0.9995251187302109
2 1.000000000000001 0.0 0 0 0.9990504748417063
3 0.8750000000000008 0.0 0 0 0.9985760682158253
4 1.000000000000001 0.0 0 0 0.9981018987339664
5 1.000000000000001 0.0 0 1 0.9976279662775871
6 1.000000000000001 0.0 0 0 0.9971542707282044
7 1.000000000000001 0.0 0 0 0.9966808119673941
8 1.000000000000001 0.0 0 0 0.9962075898767919
9 1.000000000000001 0.0 0 0 0.995734604338092
10 1.000000000000001 0.0 0 0 0.9952618552330482
11 1.000000000000001 0.0 0 1 0.9947893424434732
12 0.9123376623376633 0.08766233766233765 0 0 0.9943170658512385
13 0.9156487829287013 0.08435121707129964 0 0 0.9938450253382753
14 0.9185206515952729 0.08147934840472805 0 0 0.9933732207865733
15 0.04604569072679251 0.07895430927320748 1 0 0.9929016520781815
16 0.923290785797774 0.07670921420222689 0 0 0.9924303190952076
17 0.9253057706196397 0.07469422938036126 0 0 0.9919592217198184
18 0.9456970591015486 0.05430294089845249 0 0 0.9914883598342394
19 0.02736947580194748 0.04405909562662393 1 0 0.9910177333207555
20 0.9565170805448597 0.04348291945514129 0 0 0.9905473420617097
21 0.9663749219768561 0.03362507802314496 0 0 0.9900771859395043
22 0.9666618379856965 0.03333816201430458 0 0 0.9896072648366003
23 0.9669319316465488 0.0330680683534523 0 0 0.9891375786355174
24 0.9671870237035136 0.03281297629648748 0 0 0.988668127218834
25 0.9674286547913669 0.032571345208634195 0 0 0.9881989104691874
26 0.9676581400507337 0.03234185994926743 0 1 0.9877299282692732
27 0.215408525953197 0.7845914740468026 1 1 0.987261180501846
28 0.9495334566031857 0.05046654339681454 0 0 0.9867926670497188
29 0.9307851495746944 0.06921485042530451 0 0 0.9863243877957633
30 0.825278535537047 0.0471403953711726 0 0 0.9858563426229096
31 0.02816142620144828 0.8440889477772295 1 0 0.9853885314141463
32 0.9550182667323915 0.04498173326760693 0 0 0.9849209540525209
33 0.826294384229111 0.043629205576887625 0 0 0.9844536104211388
34 0.028558118814363414 0.9714418811856375 1 1 0.9839865004031642
35 0.35353308430926067 0.6464669156907386 1 0 0.9835196238818196
36 0.34819172245994134 0.521458740280853 1 0 0.9830529807403857
37 0.8356402494447069 0.03220061744263781 0 0 0.9825865708622019
38 0.9687229447230474 0.03127705527695308 0 0 0.9821203941306657
39 0.8075538831246556 0.1924461168753439 0 0 0.9816544504292329
40 0.7269128731913481 0.2730871268086515 0 0 0.9811887396414175
41 0.9703576808095002 0.029642319190499648 0 0 0.9807232616507919
42 0.9791438629499218 0.02085613705007829 0 0 0.9802580163409866
43 0.9342229157725549 0.02917708189777963 0 0 0.9797930035956902
44 0.9194538426002526 0.02563610579566927 0 0 0.9793282232986495
45 0.8889656117759717 0.019500190252118993 0 0 0.9788636753336696
46 0.4068203118374276 0.42664193690632424 1 0 0.9783993595846132
47 0.01376656144955809 0.6844549853934095 1 1 0.9779352759354016
48 0.8350453988698181 0.019626795143527265 0 0 0.9774714242700139
49 0.6210148415692884 0.019220811282905696 0 0 0.977007804472487
50 0.975970545276237 0.024029454723763274 0 1 0.976544416426916
51 0.06184034322268828 0.8405370814254791 1 1 0.976081260017454
52 0.9369409011681191 0.06305909883187998 0 0 0.9756183351283119
53 0.03784480819680022 0.061449570989327726 1 0 0.9751556416437582
54 0.9510287698820422 0.04897123011795846 0 0 0.97469317944812
55 0.7871607550258359 0.21283924497416432 0 0 0.9742309484257813
56 0.963263123410005 0.03673687658999562 0 0 0.9737689484611846
57 0.2533737935794775 0.7466262064205219 1 1 0.9733071794388298
58 0.27833107837436377 0.721668921625636 1 1 0.9728456412432746
59 0.9628230226864674 0.03717697731353356 0 0 0.9723843337591346
60 0.37015200016297356 0.6298479998370271 1 0 0.9719232568710827
61 0.396338706172642 0.6036612938273587 1 0 0.97146241046385
62 0.9644701853918249 0.03552981460817562 0 0 0.9710017944222247
63 0.7338516399487619 0.034827879012484055 0 0 0.9705414086310526
64 0.2369546710006372 0.7630453289993626 1 0 0.9700812529752377
65 0.974194225151829 0.025805774848171453 0 0 0.9696213273397407
66 0.9746618466881342 0.025338153311866406 0 0 0.9691616316095805
67 0.9751121053259896 0.024887894674010824 0 0 0.9687021656698327
68 0.71892223707004 0.28107776292996145 0 1 0.9682429294056313
69 0.9579090773030626 0.042090922696937476 0 0 0.967783922702167
70 0.37472328511087794 0.6252767148891227 1 0 0.9673251454446882
71 0.9593212784052266 0.04067872159477305 0 0 0.9668665975185005
72 0.05139350576027608 0.8692250684929519 1 1 0.966408278808967
73 0.049004453746887895 0.7528142475336213 1 1 0.9659501892015078
74 0.04750746940356345 0.9524925305964362 1 1 0.9654923285816008
75 0.38574764461394156 0.6142523553860593 1 0 0.9650346968347807
76 0.959024322557382 0.040975677442618076 0 0 0.9645772938466396
77 0.959860993898084 0.040139006101915405 0 0 0.9641201195028267
78 0.03953330660692123 0.9604666933930783 1 1 0.9636631736890484
79 0.9717303958950354 0.02826960410496481 0 0 0.9632064562910683
80 0.987290380797731 0.012709619202268433 0 0 0.9627499671947071
81 0.9875053263971654 0.012494673602834499 0 0 0.9622937062858423
82 0.3706231630753729 0.6293768369246269 1 0 0.9618376734504089
83 0.9878123778061755 0.012187622193824698 0 0 0.9613818685743987
84 0.9880092621658575 0.011990737834142557 0 0 0.9609262915438603
85 0.995072090755408 0.004927909244591629 0 0 0.9604709422448996
86 0.40166646201676315 0.5983335379832371 1 0 0.9600158205636791
87 0.9951624663908788 0.004837533609121116 0 0 0.9595609263864187
88 0.9952236147154897 0.004776385284510789 0 0 0.9591062595993943
89 0.9952830278710477 0.004716972128952087 0 0 0.9586518200889397
90 0.9953407981631603 0.004659201836839594 0 0 0.9581976077414449
91 0.9953970096751118 0.004602990324887571 0 0 0.9577436224433568
92 0.8515763111639143 0.14842368883608548 0 0 0.957289864081179
93 0.995498051361964 0.004501948638035971 0 0 0.9568363325414718
94 0.9955502495168486 0.004449750483150022 0 0 0.9563830277108525
95 0.5489035289208051 0.4510964710791943 0 0 0.9559299494759951
96 0.9956273733749098 0.0043726266250891516 0 0 0.9554770977236295
97 0.03783686380369264 0.962163136196307 1 1 0.9550244723405431
98 0.3724430112607683 0.6275569887392314 1 0 0.9545720732135796
99 0.2314661291888806 0.7685338708111188 1 0 0.9541199002296391
100 0.37570836674368563 0.624291633256314 1 0 0.9536679532756783
101 0.030090596043572688 0.9699094039564266 1 1 0.9532162322387105
102 0.988086862863865 0.011913137136135678 0 0 0.9527647370058057
103 0.028823277298029866 0.9711767227019695 1 1 0.9523134674640896
104 0.9883407521939933 0.011659247806006651 0 0 0.951862423500745
105 0.9884901239919245 0.011509876008074328 0 0 0.9514116050030111
106 0.9886355771715691 0.011364422828431317 0 0 0.9509610118581833
107 0.9887772845198317 0.011222715480167398 0 0 0.950510643953613
108 0.9889154079938771 0.011084592006122374 0 0 0.9500605011767084
109 0.989040554234491 0.01095944576550834 0 0 0.9496105834149338
110 0.9891815021278485 0.010818497872150192 0 0 0.9491608905558097
111 0.9893097500405733 0.010690249959427103 0 0 0.948711422486913
112 0.3805955227215526 0.6194044772784458 1 0 0.9482621790958765
113 0.9894923237770026 0.01050767622299682 0 0 0.9478131602703894
114 0.9896138673047216 0.010386132695277963 0 0 0.9473643658981972
115 0.027312854684450875 0.9726871453155479 1 1 0.9469157958671011
116 0.9897981879471953 0.010201812052804599 0 0 0.9464674500649586
117 0.02626454135404577 0.9737354586459535 1 1 0.9460193283796833
118 0.541817728428156 0.45818227157184493 0 0 0.9455714306992448
119 0.9900358420167498 0.009964157983250687 0 0 0.9451237569116685
120 0.9901477046025908 0.0098522953974099 0 0 0.9446763069050362
121 0.5987645311410021 0.4012354688589977 0 1 0.9442290805674853
122 0.9438445025451982 0.056155497454801875 0 0 0.9437820777872092
123 0.9446746233850377 0.05532537661496145 0 0 0.9433352984524572
124 0.9454835298316304 0.05451647016836829 0 0 0.9428887424515344
125 0.9462720378568354 0.05372796214316464 0 0 0.942442409672802
126 0.04801989365804076 0.8640265147878903 1 1 0.9419963000046766
127 0.9650338780749833 0.03496612192501643 0 0 0.9415504133356308
128 0.9654999714384338 0.03450002856156521 0 0 0.941104749554193
129 0.6581925145676614 0.3418074854323382 0 1 0.9406593085489473
130 0.9556498192650753 0.04435018073492376 0 0 0.9402140902085333
131 0.9562564273363232 0.04374357266367618 0 0 0.9397690944216465
132 0.4282916417299676 0.5717083582700323 1 0 0.9393243210770379
133 0.9572292507162914 0.04277074928370869 0 0 0.9388797700635142
134 0.9634270085675076 0.03657299143249237 0 0 0.9384354412699377
135 0.9657877184707275 0.03421228152927206 0 0 0.9379913345852261
136 0.9754282671460155 0.024571732853983834 0 0 0.9375474498983528
137 0.9838076812106089 0.0161923187893919 0 0 0.9371037870983466
138 0.41098492083373594 0.5890150791662637 1 0 0.9366603460742918
139 0.9840753956188767 0.01592460438112389 0 0 0.9362171267153282
140 0.9842468973901085 0.01575310260989136 0 0 0.9357741289106508
141 0.8309194787802647 0.1690805212197346 0 0 0.9353313525495103
142 0.006688857201768253 0.9933111427982317 1 1 0.9348887975212126
143 0.9915371161804646 0.008462883819535577 0 0 0.9344464637151187
144 0.006475984319093243 0.9935240156809064 1 1 0.9340043510206455
145 0.9453284837456075 0.05467151625439275 0 0 0.9335624593272646
146 0.9917292853252323 0.008270714674767908 0 0 0.9331207885245031
147 0.402609444565348 0.5973905554346518 1 0 0.9326793385019433
148 0.02770929530705346 0.9722907046929464 1 1 0.9322381091492229
149 0.9918699092948366 0.008130090705163856 0 0 0.9317971003560342
150 0.02675413819515124 0.9732458618048492 1 1 0.9313563120121252
151 0.837164568603905 0.16283543139609502 0 0 0.9309157440072989
152 0.9036070870113727 0.0963929129886271 0 0 0.9304753962314132
153 0.9921097747197066 0.007890225280293362 0 0 0.930035268574381
154 0.9921842808930856 0.00781571910691303 0 0 0.9295953609261706
155 0.027079607300769012 0.9729203926992304 1 1 0.929155673176805
156 0.02628387107521979 0.9737161289247799 1 1 0.9287162052163623
157 0.40367986904981523 0.5963201309501845 1 0 0.9282769569349755
158 0.0059723185266953764 0.00767927797322672 1 0 0.9278379282228324
159 0.9923926440114329 0.0076073559885672555 0 0 0.9273991189701761
160 0.40455064647198624 0.5954493535280149 1 0 0.926960529067304
161 0.5851220563319893 0.41487794366801084 0 0 0.9265221584045688
162 0.9856971886694842 0.014302811330516845 0 0 0.9260840068723777
163 0.9857396416456262 0.014260358354373778 0 0 0.9256460743611928
164 0.985782304661903 0.014217695338098336 0 0 0.9252083607615312
165 0.9858251397447374 0.01417486025526389 0 0 0.9247708659639643
166 0.9858681115305542 0.014131888469446621 0 0 0.9243335898591184
167 0.8326089303481559 0.16739106965184505 0 0 0.9238965323376747
168 0.413677250003624 0.5863227499963766 1 0 0.9234596932903685
169 0.9859156915315984 0.014084308468402564 0 0 0.9230230726079901
170 0.9859604523971772 0.014039547602823698 0 0 0.9225866701813845
171 0.4132719658494096 0.5867280341505909 1 0 0.9221504859014509
172 0.978326338811878 0.02167366118812327 0 0 0.9217145196591434
173 0.9783789517748115 0.021621048225189135 0 0 0.9212787713454703
174 0.9784318613600765 0.021568138639925197 0 0 0.9208432408514946
175 0.9784850282930418 0.02151497170695929 0 0 0.9204079280683337
176 0.8013822374726616 0.1986177625273394 0 0 0.9199728328871594
177 0.9785632709150834 0.02143672908491787 0 0 0.9195379551991977
178 0.9786149388635236 0.021385061136476806 0 0 0.9191032948957294
179 0.9786718403381139 0.021328159661886243 0 0 0.9186688518680893
180 0.9828111670489355 0.017188832951065783 0 0 0.9182346260076668
181 0.04102382490904533 0.9589761750909553 1 1 0.9178006172059052
182 0.9904476555168723 0.00955234448312866 0 0 0.9173668253543025
183 0.40760869223392454 0.5923913077660753 1 0 0.9169332503444106
184 0.03149105418297594 0.9685089458170244 1 1 0.9164998920678359
185 0.9977004925121562 0.0022995074878447474 0 0 0.9160667504162386
186 0.02238011075889361 0.9776198892411067 1 1 0.9156338252813335
187 0.4016312733320121 0.5983687266679882 1 0 0.9152011165548892
188 0.9825205846359795 0.01747941536402082 0 0 0.9147686241287286
189 0.5191383356835668 0.48086166431643407 0 0 0.9143363478947285
190 0.4290398465682437 0.5709601534317559 1 0 0.9139042877448198
191 0.9712195070582957 0.028780492941704962 0 0 0.9134724435709877
192 0.9711610590864169 0.02883894091358334 0 0 0.9130408152652709
193 0.9711087473110043 0.028891252688996186 0 0 0.9126094027197623
194 0.43348549660654867 0.5665145033934518 1 0 0.912178205826609
195 0.970902126113177 0.02909787388682282 0 0 0.9117472244780116
196 0.9708667271213932 0.02913327287860718 0 0 0.9113164585662249
197 0.4371428529123607 0.5628571470876403 1 0 0.9108859079835573
198 0.465880957584 0.5341190424160002 1 0 0.9104555726223711
199 0.9705478542860982 0.029452145713902422 0 0 0.9100254523750826
200 0.9135559280669893 0.08644407193301101 0 0 0.9095955471341616
201 0.80791259682388 0.1920874031761201 0 0 0.9091658567921319
202 0.4367165395259187 0.5632834604740822 1 0 0.908736381241571
203 0.9703455135073575 0.02965448649264303 0 0 0.9083071203751096
204 0.3522340505246803 0.6477659494753207 1 0 0.907878074085433
205 0.035807314665188994 0.9641926853348112 1 1 0.9074492422652793
206 0.970054956116478 0.02994504388352179 0 0 0.9070206248074407
207 0.9700595193436033 0.02994048065639689 0 0 0.9065922216047627
208 0.05519666635308177 0.9448033336469183 1 1 0.9061640325501444
209 0.9979796987171894 0.0020203012828107847 0 0 0.905736057536539
210 0.9979942579063444 0.002005742093656177 0 0 0.9053082964569523
211 0.018827864881181922 0.961950728968647 1 1 0.9048807492044442
212 0.998013946914742 0.0019860530852576818 0 0 0.9044534156721279
213 0.41327496669319747 0.5867250333068019 1 0 0.9040262957531698
214 0.9851590984349077 0.014840901565092305 0 0 0.9035993893407902
215 0.43915820690914475 0.5608417930908551 1 0 0.9031726963282625
216 0.9850284062387774 0.014971593761222667 0 0 0.9027462166089132
217 0.031602871283178235 0.9490756630038651 1 1 0.9023199500761224
218 0.9923056344605568 0.007694365539443811 0 0 0.9018938966233236
219 0.9922728745891175 0.00772712541088228 0 0 0.9014680561440035
220 0.9918000082623274 0.008199991737672479 0 0 0.9010424285317018
221 0.020320546418405253 0.9604444890640995 1 1 0.9006170136800117
222 0.017899802236857134 0.962807731472353 1 1 0.9001918114825794
223 0.005296271110322151 0.9757676636102305 1 1 0.8997668218331044
224 0.9981220511484169 0.0018779488515836798 0 0 0.8993420446253394
225 0.9981351241089358 0.0018648758910648118 0 0 0.8989174797530899
226 0.331510246404281 0.6684897535957189 1 0 0.8984931271102148
227 0.976578077079012 0.023421922920988436 0 0 0.8980689865906258
228 0.9766118529065849 0.023388147093415704 0 0 0.8976450580882879
229 0.9660503470936246 0.033949652906376 0 0 0.897221341497219
230 0.026217231564254664 0.9737827684357454 1 1 0.8967978367114897
231 0.9923783628549009 0.007621637145099331 0 0 0.8963745436252242
232 0.9923559425449826 0.007644057455017438 0 0 0.895951462132599
233 0.878628341894817 0.025930358227915784 0 0 0.8955285921278436
234 0.01186168593523226 0.9303030231481264 1 1 0.8951059335052408
235 0.012267863699402762 0.9877321363005979 1 1 0.8946834861591256
236 0.005711184437189723 0.9942888155628103 1 1 0.8942612499838865
237 0.9681142350680135 0.03188576493198635 0 0 0.8938392248739643
238 0.4038541345877668 0.5961458654122325 1 0 0.8934174107238526
239 0.9777100743710395 0.022289925628959956 0 0 0.8929958074280979
240 0.9777296800866574 0.022270319913343044 0 0 0.8925744148812996
241 0.9777498022995605 0.022250197700438526 0 0 0.8921532329781094
242 0.02612353256967859 0.9738764674303204 1 1 0.8917322616132318
243 0.8238874843393542 0.024614797603695837 0 0 0.891311500681424
244 0.992490519693758 0.00750948030624252 0 0 0.8908909500774957
245 0.9924750187107486 0.007524981289251527 0 0 0.8904706096963094
246 0.9924601445346093 0.007539855465391073 0 0 0.8900504794327798
247 0.9924458729221834 0.007554127077815875 0 0 0.8896305591818745
248 0.010398755625619843 0.9896012443743799 1 1 0.8892108488386133
249 0.992482393267693 0.007517606732306293 0 0 0.8887913482980688
250 0.9924696046325189 0.007530395367480302 0 0 0.8883720574553657
251 0.9924573468487342 0.007542653151265824 0 0 0.8879529762056811
252 0.9878318336430947 0.012168166356904545 0 0 0.8875341044442453
253 0.010062455239880917 0.9709316273113454 1 1 0.8871154420663397
254 0.9983915120517337 0.001608487948266698 0 0 0.8866969889672991
255 0.9160173206909711 0.08398267930902939 0 0 0.8862787450425101
256 0.9925802131146753 0.007419786885325059 0 0 0.8858607101874116
257 0.9925694110834927 0.007430588916507347 0 0 0.8854428842974952
258 0.9925590566052741 0.007440943394726438 0 0 0.885025267268304
259 0.9925491339054596 0.007450866094540997 0 0 0.8846078589954341
260 0.9925396279108726 0.0074603720891273755 0 0 0.8841906593745332
261 0.9925305242101231 0.007469475789876947 0 0 0.8837736683013016
262 0.9919536671761968 0.00804633282380313 0 0 0.8833568856714914
263 0.9905139158158456 0.009486084184153922 0 0 0.8829403113809069
264 0.40592584982313695 0.5940741501768635 1 1 0.8825239453254046
265 0.003503902636678721 0.9964960973633216 1 1 0.882107787400893
266 0.6315745983672428 0.29418264098389585 0 0 0.8816918375033326
267 0.9851466712462252 0.014853328753775997 0 0 0.8812760955287358
268 0.4271952440377027 0.5728047559622972 1 0 0.8808605613731673
269 0.4245887309958007 0.5754112690041995 1 0 0.8804452349327435
270 0.9690389727060914 0.030961027293909045 0 0 0.8800301161036327
271 0.9034114838724833 0.09658851612751675 0 0 0.8796152047820552
272 0.9691684517240127 0.03083154827598756 0 0 0.8792005008642834
273 0.43261292009626773 0.5673870799037329 1 0 0.878786004246641
274 0.4340305734020798 0.5659694265979208 1 0 0.8783717148255039
275 0.46289253174556855 0.537107468254432 1 0 0.8779576324973
276 0.9690962565716156 0.03090374342838502 0 0 0.8775437571585084
277 0.9691637515659188 0.030836248434081146 0 0 0.8771300887056604
278 0.03920482301240541 0.9607951769875944 1 1 0.8767166270353389
279 0.9923688469786157 0.007631153021383964 0 0 0.8763033720441786
280 0.3330250334458525 0.591584807267713 1 0 0.8758903236288655
281 0.9467277996766171 0.053272200323383 0 0 0.8754774816861377
282 0.9700021782540519 0.02999782174594784 0 0 0.8750648461127845
283 0.9700595625311393 0.02994043746885933 0 0 0.8746524168056472
284 0.43664113441646507 0.5633588655835344 1 1 0.8742401936616183
285 0.9985932679821687 0.0014067320178309745 0 0 0.8738281765776422
286 0.99860178759671 0.0013982124032890385 0 0 0.8734163654507144
287 0.9985742586912272 0.0014257413087728002 0 0 0.8730047601778824
288 0.9545993168546353 0.04540068314536491 0 0 0.8725933606562447
289 0.9932650303901751 0.006734969609825034 0 0 0.8721821667829516
290 0.9986350313404682 0.0013649686595324493 0 0 0.8717711784552042
291 0.9986431400575774 0.001356859942423024 0 0 0.8713603955702558
292 0.9986511705081776 0.001348829491822751 0 0 0.8709498180254107
293 0.9986591237409482 0.0013408762590505906 0 0 0.8705394457180242
294 0.0010775212238614237 0.9989224787761385 1 0 0.8701292785455035
295 0.9768309912506018 0.023169008749397882 0 0 0.8697193164053066
296 0.9634985109542727 0.0365014890457276 0 0 0.8693095591949432
297 0.9769270953023739 0.02307290469762554 0 0 0.8689000068119738
298 0.9769745916086634 0.0230254083913362 0 0 0.8684906591540104
299 0.9770217241833763 0.022978275816623362 0 0 0.868081516118716
300 0.9770684981088025 0.022931501891197477 0 0 0.8676725776038049
301 0.029657461808665127 0.9703425381913349 1 1 0.8672638435070424
302 0.9924128251601056 0.007587174839893515 0 0 0.8668553137262452
303 0.9924137818474343 0.007586218152566264 0 0 0.8664469881592806
304 0.9924148495580773 0.0075851504419230465 0 0 0.8660388667040673
305 0.01048941980782803 0.9895105801921721 1 1 0.8656309492585749
306 0.00309822036935457 0.9969017796306452 1 1 0.8652232357208242
307 0.9987395185426009 0.0012604814573993013 0 0 0.8648157259888866
308 0.009227035551738894 0.9907729644482608 1 0 0.8644084199608846
309 0.9913770894047589 0.008622910595241099 0 0 0.864001317534992
310 0.2227697141080975 0.7772302858919024 1 0 0.8635944186094329
311 0.4203177394939013 0.5796822605060984 1 0 0.8631877230824827
312 0.9701385970162559 0.029861402983743995 0 0 0.8627812308524675
313 0.03699358445584056 0.9630064155441594 1 0 0.8623749418177644
314 0.046898137608001836 0.9531018623919977 1 1 0.8619688558768008
315 0.42020621166098393 0.5797937883390162 1 0 0.8615629729280555
316 0.9850926030826856 0.014907396917314636 0 0 0.8611572928700576
317 0.9851071319118341 0.014892868088166597 0 0 0.8607518156013872
318 0.9851216535041052 0.014878346495895221 0 0 0.860346541020675
319 0.9851361663466576 0.014863833653343005 0 0 0.8599414690266022
320 0.985150668993757 0.014849331006243645 0 0 0.8595365995179007
321 0.9851651600619512 0.014834839938048544 0 0 0.8591319323933535
322 0.9851796382292337 0.014820361770765815 0 0 0.8587274675517935
323 0.9851941022297207 0.014805897770279125 0 0 0.8583232048921047
324 0.17421915944602734 0.8257808405539732 1 0 0.8579191443132214
325 0.9775879840165999 0.022412015983400965 0 0 0.8575152857141283
326 0.9776228824714116 0.02237711752858849 0 0 0.8571116289938607
327 0.9776575087881094 0.022342491211891264 0 0 0.8567081740515047
328 0.9443286701253717 0.05567132987462799 0 0 0.8563049207861965
329 0.9703616269697486 0.02963837303025073 0 0 0.8559018690971224
330 0.9704228174382998 0.029577182561701266 0 0 0.8554990188835201
331 0.970483601357612 0.02951639864238835 0 0 0.8550963700446765
332 0.07534785853600083 0.9246521414639993 1 1 0.8546939224799296
333 0.9924667033768897 0.007533296623111328 0 0 0.8542916760886676
334 0.9924539971928058 0.007546002807193895 0 0 0.8538896307703289
335 0.9841028478639109 0.01589715213608903 0 0 0.8534877864244019
336 0.9924817424193836 0.007518257580616294 0 0 0.8530861429504258
337 0.9924867915563645 0.007513208443635568 0 0 0.8526847002479896
338 0.9924918571032121 0.007508142896787954 0 0 0.8522834582167327
339 0.9924969381185996 0.007503061881400576 0 0 0.8518824167563444
340 0.9925020336925685 0.007497966307431886 0 0 0.8514815757665646
341 0.9925071429453844 0.007492857054615277 0 0 0.8510809351471827
342 0.992512265026444 0.007487734973555471 0 0 0.8506804947980389
343 0.40025111839647387 0.5997488816035264 1 0 0.850280254619023
344 0.9924947353978847 0.007505264602115523 0 0 0.8498802145100749
345 0.9925002559124356 0.007499744087564646 0 0 0.8494803743711846
346 0.9925057805479691 0.007494219452031128 0 0 0.849080734102392
347 0.8337356569554427 0.16626434304455734 0 0 0.8486812936037871
348 0.985395275850612 0.014604724149388185 0 0 0.8482820527755098
349 0.01977799376373421 0.9802220062362662 1 1 0.8478830115177499
350 0.9989608524181929 0.001039147581806625 0 0 0.847484169730747
351 0.9989664247910959 0.0010335752089041127 0 0 0.8470855273147906
352 0.9989719492882652 0.00102805071173506 0 0 0.8466870841702203
353 0.998977426537049 0.0010225734629517546 0 0 0.8462888401974251
354 0.485338069018984 0.5146619309810153 1 0 0.8458907952968442
355 0.9915745318105949 0.008425468189404709 0 0 0.8454929493689662
356 0.9915976793678687 0.008402320632130748 0 0 0.8450953023143297
357 0.9916206492746363 0.008379350725364334 0 0 0.8446978540335229
358 0.9916434437741876 0.008356556225811983 0 0 0.8443006044271837
359 0.9509887489176324 0.04901125108236779 0 0 0.8439035533959999
360 0.991688515324171 0.008311484675829445 0 0 0.8435067008407084
361 0.011418903119974426 0.9885810968800254 1 1 0.8431100466620963
362 0.7758625077653709 0.22413749223462895 0 0 0.842713590761
363 0.39244924933892134 0.6075507506610787 1 0 0.8423173330383056
364 0.9778454891754095 0.02215451082459099 0 0 0.8419212733949486
365 0.4284401458923873 0.5715598541076123 1 0 0.841525411731914
366 0.07852936693300448 0.921470633066995 1 0 0.8411297479502364
367 0.048672059579647084 0.9513279404203531 1 1 0.840734281951
368 0.9926165033383045 0.007383496661696418 0 0 0.8403390136353381
369 0.9926370832824509 0.007362916717550011 0 0 0.8399439429044339
370 0.010488979257747447 0.9895110207422531 1 1 0.8395490696595194
371 0.9990403093805674 0.0009596906194331557 0 0 0.8391543938018764
372 0.9990290261438577 0.0009709738561430077 0 0 0.838759915232836
373 0.9990503919483694 0.0009496080516304433 0 0 0.8383656338537786
374 0.9990553686209607 0.0009446313790392812 0 0 0.8379715495661337
375 0.9990603029674513 0.0009396970325492891 0 0 0.8375776622713803
376 0.9990651955370567 0.0009348044629436879 0 0 0.8371839718710465
377 0.4105824876458403 0.5894175123541593 1 0 0.8367904782667099
378 0.3837181964098954 0.6162818035901042 1 0 0.836397181359997
379 0.9857113360614455 0.014288663938554439 0 0 0.8360040810525834
380 0.41248540571792436 0.5875145942820763 1 0 0.8356111772461942
381 0.9682429264014181 0.031757073598582174 0 0 0.8352184698426034
382 0.9707937233057459 0.02920627669425375 0 0 0.8348259587436342
383 0.9708544122450755 0.029145587754924526 0 0 0.8344336438511587
384 0.9709146347616285 0.029085365238371734 0 0 0.8340415250670983
385 0.9709743971698279 0.02902560283017264 0 0 0.8336496022934232
386 0.03681685893743744 0.9631831410625626 1 1 0.8332578754321528
387 0.11680372963720229 0.8831962703627981 1 0 0.8328663443853553
388 0.9857571638292978 0.014242836170702272 0 0 0.832475009055148
389 0.9857802055621518 0.014219794437848604 0 0 0.8320838693436969
390 0.9857965798039984 0.01420342019600136 0 0 0.8316929251532175
391 0.9858128679124949 0.014187132087505536 0 0 0.8313021763859733
392 0.9858290706807822 0.014170929319219039 0 0 0.8309116229442772
393 0.27582721980625785 0.7241727801937425 1 0 0.830521264730491
394 0.4385559770933244 0.5614440229066755 1 0 0.8301311016470251
395 0.9715038494919127 0.028496150508087924 0 0 0.8297411335963385
396 0.971558631165945 0.028441368834055764 0 0 0.8293513604809395
397 0.03649308106921848 0.9635069189307817 1 1 0.8289617822033846
398 0.9927814812726664 0.007218518727333296 0 0 0.8285723986662793
399 0.9927889861508763 0.007211013849124341 0 0 0.8281832097722779
400 0.9927964479997273 0.007203552000272203 0 0 0.8277942154240827
401 0.9927931456862112 0.007206854313789018 0 0 0.8274054155244457
402 0.9928112444252649 0.007188755574734516 0 0 0.8270168099761664
403 0.010308338040124031 0.9896916619598763 1 1 0.8266283986820938
404 0.9991585449647379 0.0008414550352620728 0 0 0.8262401815451248
405 0.9991628075268539 0.0008371924731463822 0 0 0.8258521584682053
406 0.9991670343123937 0.0008329656876069491 0 0 0.8254643293543295
407 0.9991712257765051 0.0008287742234950965 0 0 0.8250766941065399
408 0.41811895473333344 0.5818810452666657 1 0 0.824689252627928
409 0.9853396748408251 0.01466032515917462 0 0 0.8243020048216333
410 0.9853733175538104 0.014626682446188984 0 0 0.8239149505908439
411 0.985406679775994 0.014593320224006183 0 0 0.823528089838796
412 0.9854397654630787 0.014560234536921908 0 0 0.8231414224687746
413 0.4338836004497042 0.5661163995502966 1 0 0.822754948384113
414 0.978552838036903 0.02144716196309632 0 0 0.8223686674881925
415 0.9785949129892998 0.021405087010700704 0 0 0.8219825796844428
416 0.9786366629570582 0.021363337042942025 0 0 0.821596684876342
417 0.9786780923117028 0.021321907688297198 0 0 0.8212109829674166
418 0.978719205339748 0.021280794660252043 0 0 0.8208254738612408
419 0.978760006244858 0.021239993755142655 0 0 0.8204401574614376
420 0.02925080040213269 0.9707491995978668 1 1 0.8200550336716778
421 0.9992178773536514 0.0007821226463485136 0 0 0.8196701023956803
422 0.8340920170344623 0.16590798296553771 0 0 0.8192853635372125
423 0.9810773669087446 0.018922633091255428 0 0 0.8189008170000895
424 0.002462518182835371 0.9975374818171648 1 1 0.8185164626881748
425 0.9984026197545828 0.0015973802454175238 0 0 0.8181323005053798
426 0.9992333767798426 0.0007666232201572682 0 0 0.817748330355664
427 0.0024097588225498612 0.9975902411774499 1 1 0.8173645521430347
428 0.9992377219713926 0.0007622780286077877 0 0 0.8169809657715474
429 0.4385658038088124 0.561434196191188 1 0 0.8165975711453055
430 0.9791852324568007 0.020814767543199924 0 0 0.8162143681684605
431 0.9792124449481298 0.020787555051870684 0 0 0.8158313567452115
432 0.9792395246555343 0.02076047534446501 0 0 0.8154485367798057
433 0.9792664725725133 0.020733527427487165 0 0 0.8150659081765381
434 0.9600153122721772 0.03998468772782328 0 0 0.8146834708397515
435 0.42657213214548506 0.573427867854515 1 0 0.8143012246738365
436 0.9792768711264296 0.020723128873570435 0 0 0.8139191695832316
437 0.9793042230759518 0.020695776924048136 0 0 0.8135373054724233
438 0.06634708876999097 0.933652911230009 1 0 0.8131556322459452
439 0.9647679423713588 0.03523205762864206 0 0 0.8127741498083791
440 0.2858513891123038 0.7141486108876963 1 0 0.8123928580643546
441 0.9647698339662722 0.03523016603372887 0 0 0.8120117569185484
442 0.9648441571544283 0.03515584284557206 0 0 0.8116308462756855
443 0.9649179681986627 0.03508203180133762 0 0 0.8112501260405381
444 0.9047104733100945 0.09528952668990552 0 0 0.8108695961179262
445 0.048553710089237354 0.9514462899107631 1 1 0.8104892564127174
446 0.9992855112892031 0.0007144887107976408 0 0 0.8101091068298264
447 0.999288906636273 0.0007110933637267354 0 0 0.8097291472742162
448 0.3973900633532186 0.6026099366467821 1 0 0.8093493776508969
449 0.9863289472419698 0.013671052758030145 0 0 0.8089697978649257
450 0.9863441351280706 0.013655864871929302 0 0 0.8085904078214082
451 0.9863592339989965 0.013640766001003479 0 0 0.8082112074254965
452 0.017428938779097656 0.9825710612209027 1 0 0.8078321965823906
453 0.9794330677479178 0.020566932252082826 0 0 0.8074533751973377
454 0.9794614163657237 0.020538583634276627 0 0 0.8070747431756327
455 0.979489588340293 0.020510411659707597 0 0 0.8066963004226173
456 0.9795175950276195 0.020482404972381137 0 0 0.8063180468436811
457 0.42408955265101395 0.5759104473489857 1 0 0.8059399823442605
458 0.9795035703277117 0.020496429672289016 0 0 0.8055621068298392
459 0.9795320235874492 0.020467976412552127 0 0 0.8051844202059488
0.4575760677837017
0.8656514005716308
0.8672664433800067
0.458 ¡À 0.000
0.866 ¡À 0.000
0.867 ¡À 0.000
