0
0 0.0 0.0 0 1 1.0
1 0.0 1.000000000000001 1 1 0.9995251187302109
2 0.0 1.0000000000000022 1 0 0.9990504748417063
3 0.0 1.000000000000001 1 0 0.9985760682158253
4 0.6667628143033499 0.33323718569665045 0 0 0.9981018987339664
5 0.7076111921811175 0.29238880781888255 0 0 0.9976279662775871
6 0.7349316762221277 0.2650683237778716 0 0 0.9971542707282044
7 0.7552285820054779 0.24477141799452215 0 1 0.9966808119673941
8 0.6401187274527109 0.3598812725472899 0 0 0.9962075898767919
9 0.6639193253657889 0.3360806746342103 0 0 0.995734604338092
10 0.683297867657936 0.3167021323420654 0 0 0.9952618552330482
11 0.699566526665519 0.3004334733344822 0 0 0.9947893424434732
12 0.7135343946455143 0.28646560535448545 0 0 0.9943170658512385
13 0.725734030519242 0.2742659694807595 0 0 0.9938450253382753
14 0.7365339450886146 0.26346605491138597 0 0 0.9933732207865733
15 0.7461994037542958 0.2538005962457047 0 0 0.9929016520781815
16 0.7549275513104227 0.24507244868957806 0 1 0.9924303190952076
17 0.6557896480458212 0.3442103519541792 0 0 0.9919592217198184
18 0.6666889842562428 0.33331101574375804 0 0 0.9914883598342394
19 0.6766635637635072 0.3233364362364936 0 0 0.9910177333207555
20 0.6858451589121136 0.3141548410878864 0 0 0.9905473420617097
21 0.6943395871925728 0.30566041280742595 0 0 0.9900771859395043
22 0.7022330830145007 0.2977669169854985 0 0 0.9896072648366003
23 0.7095968327761293 0.29040316722386905 0 0 0.9891375786355174
24 0.716490272227235 0.28350972777276523 0 0 0.988668127218834
25 0.7229635295188578 0.27703647048114066 0 0 0.9881989104691874
26 0.7290592658954226 0.27094073410457725 0 0 0.9877299282692732
27 0.7348140835360639 0.2651859164639366 0 1 0.987261180501846
28 0.4715050196440341 0.5284949803559666 1 1 0.9867926670497188
29 0.9147521233514456 0.0852478766485532 0 0 0.9863243877957633
30 0.029084124508435824 0.9709158754915647 1 1 0.9858563426229096
31 0.9898452217880318 0.010154778211967532 0 0 0.9853885314141463
32 0.9899113734632128 0.010088626536787916 0 0 0.9849209540525209
33 0.9899374241722452 0.010062575827754359 0 0 0.9844536104211388
34 0.9899498953675039 0.010050104632495298 0 0 0.9839865004031642
35 0.989986732851644 0.01001326714835686 0 0 0.9835196238818196
36 0.9898012502539126 0.01019874974608822 0 0 0.9830529807403857
37 0.9900328427845884 0.009967157215412178 0 0 0.9825865708622019
38 0.9900548299482428 0.00994517005175817 0 0 0.9821203941306657
39 0.9900761651094381 0.009923834890561575 0 0 0.9816544504292329
40 0.8996741626984689 0.1003258373015321 0 0 0.9811887396414175
41 0.9901093570510208 0.009890642948979478 0 0 0.9807232616507919
42 0.9901366366510648 0.009863363348936359 0 0 0.9802580163409866
43 0.4233197423764331 0.5766802576235663 1 0 0.9797930035956902
44 0.9900229437690784 0.009977056230921285 0 1 0.9793282232986495
45 0.9741162981150141 0.025883701884986482 0 0 0.9788636753336696
46 0.016143999048436056 0.9838560009515646 1 1 0.9783993595846132
47 0.7951691508165363 0.20483084918346475 0 0 0.9779352759354016
48 0.011803823018991128 0.9881961769810097 1 1 0.9774714242700139
49 0.39988229510195494 0.6001177048980465 1 0 0.977007804472487
50 0.9593585460837883 0.023106604088947567 0 0 0.976544416426916
51 0.7861049360968011 0.21389506390319807 0 0 0.976081260017454
52 0.6483748797528895 0.3516251202471096 0 0 0.9756183351283119
53 0.9405332622096009 0.024535681400823114 0 0 0.9751556416437582
54 0.7989314668169474 0.18372876188112336 0 0 0.97469317944812
55 0.9761715893840751 0.02382841061592574 0 0 0.9742309484257813
56 0.9416191320797945 0.05838086792020515 0 0 0.9737689484611846
57 0.8043882360433298 0.17825185304406163 0 0 0.9733071794388298
58 0.07282371110649528 0.9098084496282848 1 1 0.9728456412432746
59 0.3685773052997886 0.6314226947002114 1 0 0.9723843337591346
60 0.9922260372639367 0.007773962736063372 0 0 0.9719232568710827
61 0.21927296957455653 0.7259636435445203 1 1 0.97146241046385
62 0.2099105827733787 0.7540945954778645 1 0 0.9710017944222247
63 0.9200175447655117 0.02898878847393184 0 0 0.9705414086310526
64 0.9827514028865058 0.0172485971134947 0 0 0.9700812529752377
65 0.9276266229924612 0.035933379334946246 0 0 0.9696213273397407
66 0.970351047949995 0.029648952050005138 0 0 0.9691616316095805
67 0.7894386530782851 0.21056134692171427 0 0 0.9687021656698327
68 0.8133201432682896 0.18667985673170984 0 0 0.9682429294056313
69 0.9817073719651411 0.018292628034857993 0 0 0.967783922702167
70 0.9819704118908187 0.018029588109181857 0 0 0.9673251454446882
71 0.35591051119885875 0.6440894888011406 1 0 0.9668665975185005
72 0.9849850723398231 0.015014927660177165 0 0 0.966408278808967
73 0.9841745798552237 0.015825420144776264 0 0 0.9659501892015078
74 0.9811618110078453 0.018838188992154847 0 0 0.9654923285816008
75 0.12344004322175359 0.8765599567782458 1 1 0.9650346968347807
76 0.9371226531060408 0.06287734689395941 0 0 0.9645772938466396
77 0.94289174626978 0.05710825373021957 0 0 0.9641201195028267
78 0.9939754290939082 0.006024570906091327 0 0 0.9636631736890484
79 0.9968092446469488 0.0031907553530510424 0 0 0.9632064562910683
80 0.06550506018249137 0.9344949398175088 1 1 0.9627499671947071
81 0.09791437916228168 0.9020856208377189 1 0 0.9622937062858423
82 0.9734492926409929 0.026550707359006755 0 0 0.9618376734504089
83 0.05356881265776665 0.9464311873422335 1 1 0.9613818685743987
84 0.8995842356428356 0.10041576435716469 0 0 0.9609262915438603
85 0.9927890954411647 0.007210904558834821 0 0 0.9604709422448996
86 0.8732388525855024 0.1267611474144969 0 0 0.9600158205636791
87 0.9931256003207367 0.006874399679263042 0 0 0.9595609263864187
88 0.03325611780283298 0.9667438821971682 1 1 0.9591062595993943
89 0.9931877013274416 0.00681229867255849 0 0 0.9586518200889397
90 0.9836174189114728 0.016382581088527293 0 0 0.9581976077414449
91 0.25422230045657196 0.7457776995434279 1 1 0.9577436224433568
92 0.9971452740320675 0.0028547259679317844 0 0 0.957289864081179
93 0.9956144110469295 0.0043855889530706365 0 0 0.9568363325414718
94 0.997508033511616 0.0024919664883840662 0 0 0.9563830277108525
95 0.9965290355062887 0.0034709644937116453 0 0 0.9559299494759951
96 0.8755919772151204 0.12440802278488053 0 0 0.9554770977236295
97 0.99736681518569 0.002633184814310116 0 0 0.9550244723405431
98 0.5741099673028321 0.4258900326971676 0 0 0.9545720732135796
99 0.8668442561864629 0.1331557438135378 0 0 0.9541199002296391
100 0.9933390371347945 0.006660962865205934 0 0 0.9536679532756783
101 0.993677854292125 0.006322145707875276 0 0 0.9532162322387105
102 0.9928678317335288 0.007132168266471132 0 0 0.9527647370058057
103 0.9893830066308179 0.010616993369182351 0 0 0.9523134674640896
104 0.936939361096362 0.06306063890363854 0 0 0.951862423500745
105 0.9933539563147767 0.006646043685222917 0 0 0.9514116050030111
106 0.14156556627330866 0.8584344337266915 1 1 0.9509610118581833
107 0.9901721803341446 0.009827819665856273 0 0 0.950510643953613
108 0.04466626158869607 0.9553337384113044 1 1 0.9500605011767084
109 0.027721890349329977 0.9722781096506709 1 1 0.9496105834149338
110 0.02471005889692216 0.9752899411030792 1 1 0.9491608905558097
111 0.024276357905060754 0.9757236420949387 1 1 0.948711422486913
112 0.02346717440749821 0.9765328255925013 1 1 0.9482621790958765
113 0.9946608165624623 0.005339183437537243 0 0 0.9478131602703894
114 0.786608272324483 0.2133917276755175 0 0 0.9473643658981972
115 0.03417036631473852 0.9658296336852609 1 0 0.9469157958671011
116 0.9846690964493608 0.015330903550638922 0 0 0.9464674500649586
117 0.9841883536376814 0.01581164636231756 0 0 0.9460193283796833
118 0.9291508366014816 0.07084916339851831 0 0 0.9455714306992448
119 0.9282928273295611 0.07170717267043829 0 1 0.9451237569116685
120 0.9150042952129257 0.08499570478707409 0 0 0.9446763069050362
121 0.04364955076766455 0.9563504492323351 1 1 0.9442290805674853
122 0.5279975598447976 0.4720024401552034 0 0 0.9437820777872092
123 0.03393153978304146 0.9660684602169586 1 1 0.9433352984524572
124 0.47424172295920247 0.525758277040798 1 0 0.9428887424515344
125 0.9929115969550948 0.007088403044905247 0 0 0.942442409672802
126 0.9920114882570373 0.007988511742962886 0 0 0.9419963000046766
127 0.5580273553966156 0.4419726446033843 0 0 0.9415504133356308
128 0.6503619942430732 0.34963800575692655 0 0 0.941104749554193
129 0.9487253128830812 0.051274687116919244 0 0 0.9406593085489473
130 0.9929689614634386 0.007031038536561585 0 0 0.9402140902085333
131 0.9900968817261977 0.009903118273802044 0 0 0.9397690944216465
132 0.9492760228257544 0.050723977174245614 0 0 0.9393243210770379
133 0.9880102484070487 0.011989751592951584 0 0 0.9388797700635142
134 0.021935726492308346 0.978064273507692 1 1 0.9384354412699377
135 0.9980714242587149 0.0019285757412864256 0 0 0.9379913345852261
136 0.9658462047740495 0.03415379522595126 0 0 0.9375474498983528
137 0.939475499915932 0.06052450008406818 0 0 0.9371037870983466
138 0.8767483393699321 0.12325166063006843 0 0 0.9366603460742918
139 0.99807450504542 0.001925494954580002 0 0 0.9362171267153282
140 0.930205133178875 0.06979486682112483 0 1 0.9357741289106508
141 0.9895832917548212 0.010416708245178836 0 0 0.9353313525495103
142 0.9980693503117855 0.0019306496882143503 0 0 0.9348887975212126
143 0.9980455961571807 0.001954403842819594 0 0 0.9344464637151187
144 0.8994136227623494 0.10058637723765036 0 0 0.9340043510206455
145 0.6096788576933838 0.39032114230661585 0 0 0.9335624593272646
146 0.9362973300677436 0.06370266993225626 0 0 0.9331207885245031
147 0.9734383593487375 0.02656164065126306 0 0 0.9326793385019433
148 0.9972138154920561 0.002786184507943987 0 0 0.9322381091492229
149 0.9614449035134408 0.03855509648655917 0 0 0.9317971003560342
150 0.9926795484463692 0.007320451553630599 0 0 0.9313563120121252
151 0.016811675131639944 0.9831883248683602 1 1 0.9309157440072989
152 0.049360771145450184 0.9506392288545502 1 0 0.9304753962314132
153 0.9105078217028861 0.08949217829711449 0 0 0.930035268574381
154 0.9980115585176248 0.0019884414823753073 0 0 0.9295953609261706
155 0.994530266692033 0.00546973330796695 0 0 0.929155673176805
156 0.9974813258127216 0.0025186741872778523 0 0 0.9287162052163623
157 0.9528372846226651 0.047162715377335046 0 0 0.9282769569349755
158 0.9980070718473147 0.0019929281526854382 0 0 0.9278379282228324
159 0.9971081362025663 0.002891863797434366 0 0 0.9273991189701761
160 0.8989372438206306 0.1010627561793693 0 0 0.926960529067304
161 0.9872848741214993 0.012715125878500983 0 0 0.9265221584045688
162 0.9872067940145822 0.012793205985417978 0 0 0.9260840068723777
163 0.9981132727814224 0.0018867272185780267 0 0 0.9256460743611928
164 0.8656252337785268 0.13437476622147376 0 0 0.9252083607615312
165 0.40296636953360115 0.5970336304663988 1 0 0.9247708659639643
166 0.010863019935156685 0.989136980064843 1 1 0.9243335898591184
167 0.9980455910847152 0.0019544089152848283 0 0 0.9238965323376747
168 0.0022823113859605673 0.9977176886140401 1 1 0.9234596932903685
169 0.0022069246382771736 0.997793075361723 1 1 0.9230230726079901
170 0.9892068983893861 0.010793101610613797 0 0 0.9225866701813845
171 0.8742379137088364 0.12576208629116342 0 1 0.9221504859014509
172 0.9508254514634142 0.04917454853658624 0 0 0.9217145196591434
173 0.9457755671842779 0.054224432815722444 0 0 0.9212787713454703
174 0.9785259933138409 0.02147400668615926 0 0 0.9208432408514946
175 0.584511918553893 0.41548808144610727 0 0 0.9204079280683337
176 0.03169417618290902 0.9683058238170907 1 1 0.9199728328871594
177 0.9804417928845741 0.01955820711542601 0 0 0.9195379551991977
178 0.9050473780810415 0.09495262191895794 0 0 0.9191032948957294
179 0.9828152772474829 0.017184722752517062 0 0 0.9186688518680893
180 0.9839569881473926 0.016043011852607262 0 0 0.9182346260076668
181 0.9841277076040814 0.01587229239591861 0 0 0.9178006172059052
182 0.9827634814192034 0.017236518580795487 0 0 0.9173668253543025
183 0.9920290764568122 0.007970923543187526 0 0 0.9169332503444106
184 0.5522682940063691 0.4477317059936306 0 1 0.9164998920678359
185 0.31137179353005057 0.6886282064699498 1 1 0.9160667504162386
186 0.9825642755887678 0.01743572441123168 0 0 0.9156338252813335
187 0.7603879675249599 0.2396120324750403 0 0 0.9152011165548892
188 0.03796698099023805 0.9620330190097622 1 1 0.9147686241287286
189 0.5162200554607894 0.48377994453921064 0 0 0.9143363478947285
190 0.730142838397343 0.2698571616026571 0 0 0.9139042877448198
191 0.9064638664169016 0.09353613358309922 0 0 0.9134724435709877
192 0.9903511416198486 0.009648858380151714 0 0 0.9130408152652709
193 0.38011060109151307 0.6198893989084867 1 0 0.9126094027197623
194 0.8313386622598576 0.16866133774014322 0 0 0.912178205826609
195 0.030201285730915912 0.969798714269083 1 1 0.9117472244780116
196 0.8746601043258689 0.12533989567413037 0 0 0.9113164585662249
197 0.9886565259329646 0.011343474067035482 0 0 0.9108859079835573
198 0.9854015848952857 0.014598415104714893 0 0 0.9104555726223711
199 0.9562337802947868 0.04376621970521354 0 0 0.9100254523750826
200 0.9892100762501977 0.010789923749802106 0 0 0.9095955471341616
201 0.8931476339326686 0.10685236606733191 0 0 0.9091658567921319
202 0.987691575822414 0.012308424177586532 0 0 0.908736381241571
203 0.0167841137860463 0.9832158862139533 1 1 0.9083071203751096
204 0.9412736137065342 0.05872638629346583 0 0 0.907878074085433
205 0.013606565229616263 0.9863934347703838 1 1 0.9074492422652793
206 0.01445510341674164 0.9855448965832588 1 1 0.9070206248074407
207 0.9297124346696166 0.0702875653303836 0 0 0.9065922216047627
208 0.9876705077999961 0.012329492200004602 0 0 0.9061640325501444
209 0.9027014662068897 0.09729853379311047 0 0 0.905736057536539
210 0.023090053166377317 0.9769099468336226 1 1 0.9053082964569523
211 0.9838229830140104 0.01617701698598932 0 0 0.9048807492044442
212 0.9977696118714225 0.0022303881285779445 0 0 0.9044534156721279
213 0.9866605042515364 0.013339495748463654 0 0 0.9040262957531698
214 0.9748541673740564 0.025145832625943023 0 0 0.9035993893407902
215 0.995685328790432 0.0043146712095679185 0 0 0.9031726963282625
216 0.9417200384073823 0.05827996159261787 0 0 0.9027462166089132
217 0.9632188386503254 0.03678116134967432 0 0 0.9023199500761224
218 0.997349897280513 0.002650102719486557 0 0 0.9018938966233236
219 0.6766642640570545 0.32333573594294485 0 1 0.9014680561440035
220 0.5598651143730673 0.4401348856269327 0 0 0.9010424285317018
221 0.9410560609121449 0.05894393908785599 0 0 0.9006170136800117
222 0.7421030543747715 0.2578969456252289 0 0 0.9001918114825794
223 0.04575195099299446 0.9542480490070057 1 1 0.8997668218331044
224 0.9849268448201722 0.015073155179827413 0 0 0.8993420446253394
225 0.8010497851650686 0.198950214834931 0 0 0.8989174797530899
226 0.9854046139850552 0.014595386014944117 0 0 0.8984931271102148
227 0.9907907771950052 0.009209222804995018 0 0 0.8980689865906258
228 0.05596865471387014 0.9440313452861292 1 1 0.8976450580882879
229 0.11323835128839824 0.8867616487116025 1 1 0.897221341497219
230 0.9692947101401465 0.030705289859853706 0 0 0.8967978367114897
231 0.04901889204852257 0.950981107951478 1 1 0.8963745436252242
232 0.9041899175904311 0.09581008240956902 0 0 0.895951462132599
233 0.9832448447571278 0.01675515524287208 0 0 0.8955285921278436
234 0.6054694098178063 0.39453059018219383 0 0 0.8951059335052408
235 0.9898117512143607 0.010188248785640048 0 0 0.8946834861591256
236 0.015651660960876834 0.9843483390391233 1 1 0.8942612499838865
237 0.9788248819105365 0.021175118089463277 0 0 0.8938392248739643
238 0.9882416425703213 0.011758357429679005 0 0 0.8934174107238526
239 0.738897278173585 0.2611027218264153 0 0 0.8929958074280979
240 0.9825025727866284 0.017497427213371306 0 0 0.8925744148812996
241 0.9714399529227092 0.028560047077291026 0 0 0.8921532329781094
242 0.7221993838153464 0.27780061618465357 0 0 0.8917322616132318
243 0.09962613602475032 0.900373863975249 1 1 0.891311500681424
244 0.70698309843415 0.29301690156585086 0 0 0.8908909500774957
245 0.6085201311835239 0.39147986881647673 0 0 0.8904706096963094
246 0.9979188017327711 0.0020811982672282793 0 0 0.8900504794327798
247 0.759630315701178 0.24036968429882236 0 1 0.8896305591818745
248 0.9979373428601301 0.0020626571398700173 0 0 0.8892108488386133
249 0.9682841508625315 0.03171584913746823 0 0 0.8887913482980688
250 0.9979908109711433 0.0020091890288572952 0 0 0.8883720574553657
251 0.008066688802967183 0.9919333111970325 1 1 0.8879529762056811
252 0.5307527732999937 0.46924722670000646 0 1 0.8875341044442453
253 0.557361980195879 0.4426380198041214 0 0 0.8871154420663397
254 0.9980159802383692 0.001984019761631273 0 0 0.8866969889672991
255 0.9960228072835692 0.0039771927164301436 0 0 0.8862787450425101
256 0.9595469981605693 0.04045300183943089 0 0 0.8858607101874116
257 0.9976886456939338 0.002311354306066947 0 0 0.8854428842974952
258 0.9950800187324751 0.004919981267525774 0 0 0.885025267268304
259 0.9685109862049255 0.03148901379507391 0 0 0.8846078589954341
260 0.4448454436915194 0.5551545563084807 1 1 0.8841906593745332
261 0.983895573586599 0.016104426413400846 0 0 0.8837736683013016
262 0.9845804659062135 0.015419534093786366 0 0 0.8833568856714914
263 0.9904978084404905 0.009502191559509774 0 0 0.8829403113809069
264 0.9859571516658804 0.014042848334119612 0 0 0.8825239453254046
265 0.8417002801971819 0.15829971980281798 0 0 0.882107787400893
266 0.9980463008235466 0.001953699176453827 0 0 0.8816918375033326
267 0.9964712023768666 0.003528797623133804 0 0 0.8812760955287358
268 0.9908322206916073 0.00916777930839323 0 0 0.8808605613731673
269 0.7817110414919318 0.21828895850806773 0 0 0.8804452349327435
270 0.1290238612475146 0.8709761387524859 1 0 0.8800301161036327
271 0.9972961483937289 0.0027038516062711355 0 0 0.8796152047820552
272 0.9957544532732328 0.004245546726766894 0 0 0.8792005008642834
273 0.003597180044981089 0.9964028199550197 1 1 0.878786004246641
274 0.33128533555067013 0.6687146644493303 1 0 0.8783717148255039
275 0.9980088689797086 0.0019911310202919293 0 0 0.8779576324973
276 0.5713924506194806 0.42860754938052 0 0 0.8775437571585084
277 0.8618364276866146 0.13816357231338627 0 0 0.8771300887056604
278 0.9691472516543784 0.03085274834562136 0 0 0.8767166270353389
279 0.9950975671074745 0.004902432892525529 0 0 0.8763033720441786
280 0.9976068362644358 0.002393163735564973 0 0 0.8758903236288655
281 0.9606543883280682 0.03934561167193236 0 0 0.8754774816861377
282 0.6379308603843447 0.3620691396156559 0 0 0.8750648461127845
283 0.812438612392145 0.18756138760785587 0 0 0.8746524168056472
284 0.7043983069669445 0.2956016930330556 0 1 0.8742401936616183
285 0.027700663519754913 0.9722993364802447 1 1 0.8738281765776422
286 0.975762257066992 0.024237742933008004 0 0 0.8734163654507144
287 0.7175726405892229 0.2824273594107777 0 0 0.8730047601778824
288 0.4046749549863934 0.5953250450136073 1 1 0.8725933606562447
289 0.9398607213402062 0.060139278659794425 0 0 0.8721821667829516
290 0.9192640243447437 0.08073597565525649 0 0 0.8717711784552042
291 0.9917846688907153 0.008215331109285117 0 0 0.8713603955702558
292 0.9958139029881483 0.004186097011850809 0 0 0.8709498180254107
293 0.986793526307556 0.013206473692444229 0 0 0.8705394457180242
294 0.4855574230784881 0.5144425769215117 1 0 0.8701292785455035
295 0.9657875778553718 0.034212422144628794 0 0 0.8697193164053066
296 0.9929293806143822 0.007070619385617947 0 0 0.8693095591949432
297 0.517836105695512 0.4821638943044873 0 0 0.8689000068119738
298 0.01675772849916476 0.9832422715008357 1 0 0.8684906591540104
299 0.005192705783940687 0.9948072942160593 1 1 0.868081516118716
300 0.9904655070086185 0.009534492991381607 0 0 0.8676725776038049
301 0.9981041414153142 0.0018958585846862194 0 0 0.8672638435070424
302 0.33700918555785214 0.6629908144421482 1 0 0.8668553137262452
303 0.962151193332346 0.037848806667654195 0 0 0.8664469881592806
304 0.6276980866211963 0.3723019133788037 0 0 0.8660388667040673
305 0.868340141233823 0.13165985876617695 0 0 0.8656309492585749
306 0.980175710180678 0.019824289819322247 0 0 0.8652232357208242
307 0.9817589571619566 0.01824104283804271 0 0 0.8648157259888866
308 0.9908148239585016 0.009185176041498409 0 0 0.8644084199608846
309 0.936160833378662 0.06383916662133825 0 0 0.864001317534992
310 0.9270029018362699 0.07299709816373035 0 0 0.8635944186094329
311 0.9911196194579223 0.008880380542077605 0 0 0.8631877230824827
312 0.9799804248578169 0.020019575142182913 0 0 0.8627812308524675
313 0.9872775886769883 0.012722411323011398 0 0 0.8623749418177644
314 0.9866508091228616 0.013349190877138477 0 0 0.8619688558768008
315 0.017850895567983624 0.9821491044320173 1 1 0.8615629729280555
316 0.35186194646056923 0.6481380535394308 1 0 0.8611572928700576
317 0.8261131417709021 0.17388685822909766 0 0 0.8607518156013872
318 0.956295314198393 0.04370468580160729 0 0 0.860346541020675
319 0.9910124693895189 0.008987530610480788 0 0 0.8599414690266022
320 0.9909867578690823 0.009013242130917858 0 0 0.8595365995179007
321 0.00958776471542813 0.9904122352845711 1 1 0.8591319323933535
322 0.871924181499481 0.12807581850051972 0 0 0.8587274675517935
323 0.20293009624486041 0.797069903755139 1 0 0.8583232048921047
324 0.9864507377617975 0.013549262238202502 0 0 0.8579191443132214
325 0.9914019480397669 0.008598051960233008 0 0 0.8575152857141283
326 0.9913845197095269 0.008615480290473843 0 0 0.8571116289938607
327 0.9866119315131956 0.013388068486804384 0 0 0.8567081740515047
328 0.9912144145566302 0.008785585443369754 0 0 0.8563049207861965
329 0.9911882031103452 0.00881179688965479 0 0 0.8559018690971224
330 0.9079081400921394 0.09209185990786091 0 0 0.8554990188835201
331 0.9906058084647771 0.009394191535223329 0 0 0.8550963700446765
332 0.016741825347877118 0.9832581746521225 1 1 0.8546939224799296
333 0.991127807576363 0.00887219242363722 0 0 0.8542916760886676
334 0.9908226840490826 0.00917731595091708 0 0 0.8538896307703289
335 0.9568595416960712 0.04314045830392853 0 0 0.8534877864244019
336 0.9831619265506549 0.016838073449344522 0 0 0.8530861429504258
337 0.9914935510987621 0.00850644890123793 0 0 0.8526847002479896
338 0.8168269166784543 0.18317308332154575 0 0 0.8522834582167327
339 0.910031247647123 0.08996875235287675 0 0 0.8518824167563444
340 0.9158635087579368 0.08413649124206275 0 0 0.8514815757665646
341 0.9108472117306267 0.08915278826937358 0 0 0.8510809351471827
342 0.9878363434212101 0.012163656578790366 0 0 0.8506804947980389
343 0.9901373878603448 0.009862612139655133 0 0 0.850280254619023
344 0.9828847329192775 0.01711526708072214 0 0 0.8498802145100749
345 0.9912681993916601 0.008731800608339507 0 0 0.8494803743711846
346 0.31602560765070936 0.6839743923492907 1 1 0.849080734102392
347 0.7742258786314635 0.22577412136853658 0 0 0.8486812936037871
348 0.9653238535294828 0.03467614647051689 0 0 0.8482820527755098
349 0.03242082192249128 0.9675791780775084 1 0 0.8478830115177499
350 0.9273327716267337 0.07266722837326675 0 0 0.847484169730747
351 0.9818787166132269 0.01812128338677327 0 0 0.8470855273147906
352 0.24587124048670325 0.7541287595132966 1 0 0.8466870841702203
353 0.9756540532510203 0.024345946748980385 0 0 0.8462888401974251
354 0.9913926730509665 0.008607326949033225 0 0 0.8458907952968442
355 0.9863208915680384 0.01367910843196099 0 0 0.8454929493689662
356 0.9904985086218184 0.009501491378181674 0 0 0.8450953023143297
357 0.009644777853578956 0.990355222146421 1 1 0.8446978540335229
358 0.7030789668318002 0.2969210331682007 0 0 0.8443006044271837
359 0.9886144664038268 0.011385533596172618 0 0 0.8439035533959999
360 0.9979678550394349 0.002032144960566023 0 0 0.8435067008407084
361 0.9538707219264316 0.04612927807356892 0 0 0.8431100466620963
362 0.9857017507463942 0.014298249253605252 0 0 0.842713590761
363 0.17510733906459633 0.8248926609354039 1 0 0.8423173330383056
364 0.16315937478013834 0.8368406252198625 1 1 0.8419212733949486
365 0.008855083963762996 0.9911449160362376 1 1 0.841525411731914
366 0.9975187145647911 0.0024812854352093973 0 0 0.8411297479502364
367 0.9911485836397528 0.008851416360247786 0 0 0.840734281951
368 0.9977416681602005 0.002258331839799801 0 0 0.8403390136353381
369 0.9263930608159323 0.07360693918406731 0 0 0.8399439429044339
370 0.8593024321952034 0.14069756780479611 0 0 0.8395490696595194
371 0.9786708930504482 0.02132910694955172 0 0 0.8391543938018764
372 0.0037773733805755113 0.9962226266194247 1 1 0.838759915232836
373 0.9977396439744692 0.002260356025530811 0 0 0.8383656338537786
374 0.9979423148715846 0.002057685128415607 0 0 0.8379715495661337
375 0.984119899229993 0.015880100770007156 0 0 0.8375776622713803
376 0.3596599079998159 0.6403400920001839 1 0 0.8371839718710465
377 0.9692844324820693 0.030715567517930475 0 0 0.8367904782667099
378 0.07753397454392862 0.9224660254560714 1 0 0.836397181359997
379 0.017470399427350732 0.9825296005726497 1 1 0.8360040810525834
380 0.36403159285598163 0.6359684071440183 1 1 0.8356111772461942
381 0.996580607132785 0.0034193928672151147 0 0 0.8352184698426034
382 0.993279664585728 0.006720335414272037 0 0 0.8348259587436342
383 0.9837459433839754 0.01625405661602509 0 0 0.8344336438511587
384 0.7446740220533142 0.2553259779466858 0 0 0.8340415250670983
385 0.983724106009252 0.016275893990747737 0 0 0.8336496022934232
386 0.8917846100053795 0.10821538999462059 0 0 0.8332578754321528
387 0.4675950680099876 0.5324049319900117 1 0 0.8328663443853553
388 0.004055103417421876 0.9959448965825777 1 1 0.832475009055148
389 0.9735718811622177 0.026428118837782143 0 0 0.8320838693436969
390 0.9964035178650441 0.0035964821349554303 0 0 0.8316929251532175
391 0.9424116875983513 0.05758831240164844 0 0 0.8313021763859733
392 0.9773023608972755 0.022697639102724664 0 0 0.8309116229442772
393 0.9936108371703355 0.006389162829665544 0 0 0.830521264730491
394 0.987195350734527 0.012804649265472546 0 0 0.8301311016470251
395 0.9973762216152385 0.0026237783847614118 0 0 0.8297411335963385
396 0.993781817562837 0.00621818243716365 0 0 0.8293513604809395
397 0.02932490965038581 0.970675090349614 1 1 0.8289617822033846
398 0.9169390390878875 0.08306096091211296 0 0 0.8285723986662793
399 0.9963479343001523 0.0036520656998475067 0 0 0.8281832097722779
400 0.9643273699315352 0.03567263006846466 0 0 0.8277942154240827
401 0.9966643753068803 0.003335624693119689 0 0 0.8274054155244457
402 0.04102775492798921 0.9589722450720106 1 0 0.8270168099761664
403 0.959751481894863 0.04024851810513786 0 0 0.8266283986820938
404 0.012023755331420229 0.98797624466858 1 1 0.8262401815451248
405 0.9485598671245604 0.051440132875440296 0 0 0.8258521584682053
406 0.9959006062221766 0.004099393777823441 0 0 0.8254643293543295
407 0.9918024274466957 0.008197572553304286 0 0 0.8250766941065399
408 0.00670574401418372 0.9932942559858166 1 1 0.824689252627928
409 0.9546451956121711 0.045354804387829115 0 0 0.8243020048216333
410 0.9798594481740537 0.02014055182594611 0 0 0.8239149505908439
411 0.003680726694803157 0.9963192733051973 1 1 0.823528089838796
412 0.9927521748645685 0.0072478251354313955 0 0 0.8231414224687746
413 0.0020187123680836506 0.9979812876319172 1 1 0.822754948384113
414 0.19686424684302678 0.8031357531569734 1 1 0.8223686674881925
415 0.008145106952102726 0.9918548930478978 1 0 0.8219825796844428
416 0.9099497741261994 0.09005022587380071 0 0 0.821596684876342
417 0.3936199265542663 0.606380073445734 1 0 0.8212109829674166
418 0.9895380322454944 0.010461967754505742 0 0 0.8208254738612408
419 0.020730761485647925 0.9792692385143521 1 1 0.8204401574614376
420 0.9863356426465962 0.013664357353403885 0 0 0.8200550336716778
421 0.9901491763936208 0.009850823606379412 0 0 0.8196701023956803
422 0.03875941941695324 0.9612405805830465 1 1 0.8192853635372125
423 0.9978930712335609 0.002106928766439247 0 0 0.8189008170000895
424 0.9984995429248688 0.0015004570751311758 0 0 0.8185164626881748
425 0.9927200496169545 0.007279950383046207 0 0 0.8181323005053798
426 0.4497779891611546 0.550222010838845 1 0 0.817748330355664
427 0.9400426710791843 0.0599573289208149 0 0 0.8173645521430347
428 0.9014242430581936 0.0985757569418063 0 0 0.8169809657715474
429 0.04272347132096255 0.9572765286790377 1 1 0.8165975711453055
430 0.9970780064343155 0.002921993565684034 0 0 0.8162143681684605
431 0.9969288586581256 0.0030711413418742506 0 0 0.8158313567452115
432 0.9980073142753256 0.001992685724674961 0 0 0.8154485367798057
433 0.38730740815563736 0.6126925918443632 1 0 0.8150659081765381
434 0.988658357648257 0.01134164235174347 0 0 0.8146834708397515
435 0.988593232034063 0.011406767965937406 0 0 0.8143012246738365
436 0.9912396399741857 0.008760360025814562 0 0 0.8139191695832316
437 0.9450672778634251 0.05493272213657572 0 0 0.8135373054724233
438 0.025567250135129733 0.9744327498648703 1 1 0.8131556322459452
439 0.9968497235776059 0.0031502764223936865 0 0 0.8127741498083791
440 0.9939801372027776 0.006019862797221796 0 0 0.8123928580643546
441 0.905054619035142 0.09494538096485805 0 0 0.8120117569185484
442 0.008232305203651001 0.9917676947963492 1 1 0.8116308462756855
443 0.0034764047815671905 0.9965235952184331 1 1 0.8112501260405381
444 0.004898950024756815 0.9951010499752436 1 1 0.8108695961179262
445 0.9884645020593914 0.011535497940608637 0 0 0.8104892564127174
446 0.9494798079165626 0.05052019208343733 0 0 0.8101091068298264
447 0.37371823673054305 0.6262817632694574 1 0 0.8097291472742162
448 0.9814609439930073 0.018539056006993196 0 0 0.8093493776508969
449 0.9875364094345511 0.01246359056544924 0 0 0.8089697978649257
450 0.7467343298972305 0.253265670102769 0 0 0.8085904078214082
451 0.014601472306509352 0.9853985276934909 1 1 0.8082112074254965
452 0.9973171048812041 0.0026828951187960327 0 0 0.8078321965823906
453 0.9979037016773926 0.002096298322607843 0 0 0.8074533751973377
454 0.998470103730081 0.001529896269918502 0 0 0.8070747431756327
455 0.9804261533806389 0.01957384661936089 0 0 0.8066963004226173
456 0.9740977164098764 0.02590228359012351 0 0 0.8063180468436811
457 0.9964076185537584 0.0035923814462423026 0 0 0.8059399823442605
458 0.9983739623475612 0.0016260376524387787 0 0 0.8055621068298392
459 0.9957664031822252 0.004233596817774857 0 0 0.8051844202059488
460 0.9955973169294665 0.004402683070533779 0 0 0.8048069223781673
461 0.9985627080445343 0.001437291955466265 0 0 0.8044296132521204
462 0.26656417896134343 0.7334358210386561 1 0 0.8040524927334806
463 0.8626417194125493 0.13735828058745134 0 0 0.803675560727968
464 0.0551806863677079 0.9448193136322922 1 0 0.8032988171413495
465 0.9571900841533745 0.04280991584662502 0 0 0.8029222618794393
466 0.9667237193370632 0.03327628066293689 0 0 0.8025458948480984
467 0.960849731670863 0.03915026832913753 0 0 0.802169715953235
468 0.266514104861511 0.7334858951384892 1 0 0.8017937251008047
469 0.06002655235226104 0.9399734476477384 1 1 0.8014179221968095
470 0.9976319646438935 0.0023680353561069075 0 0 0.8010423071472988
471 0.41213139116717307 0.5878686088328273 1 0 0.8006668798583688
472 0.9740767819806927 0.025923218019307446 0 0 0.8002916402361626
473 0.9939985582532168 0.006001441746783506 0 0 0.7999165881868704
474 0.9965552162763288 0.003444783723671147 0 0 0.7995417236167291
475 0.9909602034050442 0.009039796594955622 0 0 0.7991670464320229
476 0.5066719916815859 0.4933280083184145 0 0 0.7987925565390819
477 0.9627129135919708 0.03728708640802876 0 0 0.7984182538442841
478 0.9954389708437577 0.004561029156242412 0 0 0.7980441382540535
479 0.9954428224772096 0.004557177522790266 0 0 0.7976702096748615
480 0.002201214658466844 0.9977987853415332 1 1 0.7972964680132258
481 0.9236052983760811 0.07639470162391837 0 0 0.7969229131757108
482 0.9547658680741686 0.04523413192583132 0 0 0.7965495450689283
483 0.987592664589286 0.012407335410714527 0 0 0.7961763635995357
484 0.9951842694719578 0.004815730528042808 0 0 0.7958033686742381
485 0.04124326537952602 0.9587567346204747 1 0 0.7954305601997864
486 0.9290576834939547 0.07094231650604535 0 0 0.7950579380829786
487 0.9829269196038048 0.017073080396194838 0 0 0.7946855022306593
488 0.977899516293324 0.02210048370667608 0 0 0.7943132525497194
489 0.9810388816426842 0.018961118357315766 0 0 0.7939411889470965
490 0.9830364447721086 0.01696355522789145 0 0 0.7935693113297747
491 0.9824834594456808 0.01751654055431943 0 0 0.7931976196047847
492 0.9817696079345603 0.018230392065439784 0 0 0.7928261136792034
493 0.6283872536054654 0.37161274639453395 0 1 0.7924547934601545
494 0.9670426818964459 0.03295731810355309 0 0 0.7920836588548077
495 0.10442363070781599 0.8955763692921848 1 1 0.7917127097703794
496 0.998370740834427 0.0016292591655723998 0 0 0.7913419461141326
497 0.12173200107540409 0.8782679989245955 1 1 0.7909713677933762
498 0.9941155684275 0.005884431572500263 0 0 0.7906009747154654
499 0.9794754727448279 0.0024131132913667195 0 0 0.7902307667878021
500 0.9965992326672685 0.003400767332732044 0 0 0.7898607439178347
501 0.9384212697224892 0.061578730277511935 0 0 0.7894909060130568
502 0.9977638742976557 0.00223612570234433 0 0 0.7891212529810094
503 0.9876751279013085 0.01232487209869205 0 0 0.7887517847292792
504 0.5166809860169346 0.48331901398306537 0 0 0.7883825011654988
505 0.9494527956753853 0.05054720432461515 0 0 0.7880134021973477
506 0.997515972485564 0.002484027514436265 0 0 0.7876444877325509
507 0.9963879162081671 0.0036120837918327234 0 0 0.7872757576788799
508 0.9970991820008618 0.00290081799913846 0 0 0.7869072119441523
509 0.7203758215178907 0.2796241784821096 0 0 0.7865388504362313
510 0.5466524435942938 0.45334755640570595 0 0 0.7861706730630269
511 0.990821955271665 0.00917804472833536 0 0 0.7858026797324945
512 0.9644780084138942 0.03552199158610595 0 0 0.7854348703526359
513 0.30708665087298764 0.6929133491270131 1 0 0.7850672448314988
514 0.2515715948629087 0.7301847464375694 1 0 0.7846998030771766
515 0.9965504062348984 0.00344959376510191 0 0 0.784332544997809
516 0.9936254221116174 0.0063745778883824026 0 0 0.7839654705015816
517 0.9976770415766859 0.002322958423314169 0 0 0.7835985794967256
518 0.9948167791700918 0.005183220829908558 0 0 0.7832318718915182
519 0.9964220440415249 0.003577955958474535 0 0 0.7828653475942827
520 0.8720605183670027 0.12793948163299698 0 0 0.782499006513388
521 0.9893219410073865 0.010678058992613364 0 0 0.7821328485572486
522 0.9946926451663287 0.005307354833671339 0 0 0.7817668736343252
523 0.8007022926833915 0.1992977073166084 0 0 0.7814010816531239
524 0.9637287152758195 0.01794742628167296 0 0 0.7810354725221971
525 0.99526530220373 0.004734697796270366 0 0 0.780670046150142
526 0.9982105276075807 0.0017894723924189702 0 0 0.7803048024456023
527 0.9211079069663657 0.07889209303363405 0 0 0.7799397413172671
528 0.1171357834449679 0.8828642165550314 1 1 0.7795748626738708
529 0.9983860435407209 0.0016139564592786864 0 0 0.7792101664241943
530 0.045500333145474726 0.954499666854525 1 1 0.7788456524770629
531 0.968965265683177 0.03103473431682226 0 0 0.7784813207413486
532 0.9775873727869056 0.022412627213094276 0 0 0.7781171711259682
533 0.9984290581636273 0.00157094183637317 0 0 0.7777532035398844
534 0.011041949670723725 0.9889580503292759 1 1 0.7773894178921053
535 0.9943017448662801 0.005698255133719963 0 0 0.7770258140916845
536 0.9784017525391524 0.0035241021184220836 0 0 0.7766623920477208
537 0.044692188546895294 0.9553078114531044 1 1 0.776299151669359
538 0.9287486927993014 0.07125130720069899 0 0 0.775936092865789
539 0.600707237357197 0.3992927626428036 0 0 0.7755732155462459
540 0.9964586554101386 0.003541344589861575 0 0 0.7752105196200105
541 0.9982978728989076 0.00170212710109299 0 0 0.7748480049964088
542 0.9986066807992928 0.0013933192007067295 0 0 0.7744856715848121
543 0.9940956235925636 0.005904376407436437 0 0 0.7741235192946371
544 0.006145881807193867 0.9757737630018319 1 1 0.7737615480353457
545 0.9840440505403025 0.01595594945969832 0 0 0.773399757716445
546 0.9858081815363732 0.01419181846362723 0 0 0.7730381482474876
547 0.9982416465123186 0.0017583534876814677 0 0 0.7726767195380709
548 0.9663664625148481 0.0336335374851519 0 0 0.772315471497838
549 0.9968746724514548 0.003125327548545515 0 0 0.7719544040364766
550 0.3044209324785255 0.6955790675214744 1 0 0.77159351706372
551 0.1543149005228421 0.845685099477158 1 0 0.7712328104893466
552 0.8771794765188538 0.12282052348114614 0 0 0.7708722842231793
553 0.9895593246956668 0.01044067530433292 0 0 0.770511938175087
554 0.998263444212926 0.001736555787073576 0 0 0.7701517722549829
555 0.13970733492302967 0.8602926650769703 1 0 0.7697917863728256
556 0.029173677394974992 0.9708263226050249 1 1 0.7694319804386187
557 0.9670599420404099 0.0329400579595903 0 1 0.7690723543624107
558 0.9755576696478975 0.006371915488635456 0 0 0.768712908054295
559 0.9769714184562291 0.00495713668788332 0 0 0.76835364142441
560 0.3080104311758924 0.673917107033156 1 0 0.7679945543829392
561 0.9981474309807256 0.0018525690192745365 0 0 0.7676356468401107
562 0.9942979851978506 0.0057020148021488925 0 0 0.7672769187061976
563 0.9967733613333215 0.003226638666678291 0 0 0.7669183698915178
564 0.9967539295489867 0.003246070451013393 0 0 0.7665600003064346
565 0.9928922807810394 0.007107719218960566 0 0 0.7662018098613548
566 0.5106202134486449 0.47120744635508893 0 1 0.7658437984667313
567 0.9984542718382207 0.0015457281617797761 0 0 0.7654859660330613
568 0.716142342535131 0.28385765746486913 0 0 0.7651283124708864
569 0.9963031800283324 0.003696819971667454 0 0 0.7647708376907933
570 0.06102735919958875 0.9389726408004113 1 1 0.7644135416034135
571 0.955555823082607 0.044444176917392705 0 0 0.7640564241194228
572 0.9977356228725 0.002264377127499907 0 0 0.7636994851495418
573 0.9959834608620679 0.0040165391379319085 0 0 0.7633427246045357
574 0.842137276684036 0.15786272331596446 0 0 0.7629861423952146
575 0.9413300695682473 0.05866993043175238 0 0 0.7626297384324328
576 0.8564008383141242 0.14359916168587647 0 0 0.7622735126270892
577 0.9736582841581134 0.008279923907720015 0 0 0.7619174648901277
578 0.9717730904833419 0.010162114841867782 0 0 0.7615615951325359
579 0.969017240708327 0.012917162206239662 0 0 0.7612059032653468
580 0.7622699773781529 0.23773002262184678 0 0 0.760850389199637
581 0.02554620356177559 0.9385047442354837 1 1 0.7604950528465283
582 0.99859593114451 0.0014040688554896512 0 0 0.7601398941171865
583 0.9435173181452607 0.05648268185473916 0 0 0.7597849129228219
584 0.42402663980536515 0.575973360194635 1 0 0.7594301091746893
585 0.026225440041660258 0.9737745599583391 1 1 0.7590754827840877
586 0.12016556383887067 0.8798344361611289 1 0 0.7587210336623604
587 0.6060424133034379 0.37589560052662047 0 0 0.7583667617208953
588 0.9364544829891188 0.06354551701088113 0 0 0.7580126668711242
589 0.9792426395924428 0.0026844843301897384 0 0 0.7576587490245236
590 0.9975115810399349 0.0024884189600655033 0 0 0.7573050080926139
591 0.05795709868685318 0.9420429013131477 1 1 0.75695144398696
592 0.9943698425526404 0.005630157447359892 0 0 0.7565980566191707
593 0.26103590568185076 0.7208857485014135 1 1 0.7562448459008991
594 0.6800383750536314 0.30202651226168603 0 0 0.7558918117438429
595 0.26348066215158755 0.736519337848412 1 1 0.7555389540597433
596 0.1197652064831974 0.8802347935168028 1 0 0.7551862727603856
597 0.02785327503613245 0.936311588637307 1 1 0.7548337677576
598 0.991591804788197 0.008408195211803013 0 0 0.75448143896326
599 0.028656613131562803 0.9713433868684369 1 1 0.7541292862892833
600 0.9498195372253861 0.03228274198791417 0 0 0.753777309647632
601 0.04767279169628984 0.95232720830371 1 1 0.7534255089503117
602 0.9939376879827877 0.006062312017212212 0 0 0.7530738841093723
603 0.9806613329961816 0.0012157727298490052 0 0 0.7527224350369075
604 0.9803849220740377 0.0014914682577622566 0 0 0.7523711616450554
605 0.03592365171814126 0.9465930617137466 1 1 0.7520200638459971
606 0.8723565239989066 0.1276434760010938 0 0 0.7516691415519585
607 0.9957122058085978 0.004287794191402249 0 0 0.7513183946752089
608 0.9987891184150254 0.0012108815849746137 0 0 0.7509678231280615
609 0.9987411618352925 0.0012588381647078647 0 0 0.7506174268228738
610 0.998756363803134 0.001243636196866195 0 0 0.7502672056720464
611 0.2712725694402059 0.6932506990681353 1 0 0.749917159588024
612 0.8280803083404654 0.17191969165953505 0 0 0.7495672884832951
613 0.9969851817108366 0.003014818289163392 0 0 0.7492175922703921
614 0.09449462535447781 0.8872783939803724 1 1 0.7488680708618907
615 0.312991570595388 0.6870084294046119 1 1 0.7485187241704107
616 0.9671995483514043 0.03280045164859548 0 0 0.7481695521086154
617 0.4060387497903599 0.5764187132745174 1 0 0.7478205545892116
618 0.6712347099897531 0.2936715516647354 0 0 0.7474717315249502
619 0.9900834100250011 0.009916589974999319 0 1 0.7471230828286254
620 0.224749632483624 0.7752503675163763 1 1 0.7467746084130747
621 0.9977996399909725 0.002200360009027241 0 0 0.7464263081911799
622 0.061822928978916995 0.9381770710210827 1 1 0.7460781820758658
623 0.9986737792755944 0.0013262207244053553 0 0 0.7457302299801009
624 0.9988043044501012 0.001195695549899005 0 0 0.745382451816897
625 0.9540450769491609 0.04595492305083928 0 0 0.7450348474993097
626 0.9890530648833077 0.010946935116692346 0 0 0.7446874169404379
627 0.033470789570171904 0.966529210429828 1 1 0.744340160053424
628 0.10339556926919635 0.8966044307308034 1 1 0.7439930767514537
629 0.997861812151742 0.002138187848258235 0 0 0.7436461669477562
630 0.8766523333858903 0.10516197681379995 0 0 0.743299430555604
631 0.9502277342496963 0.03247692564541431 0 0 0.742952867488313
632 0.9979618256072852 0.0020381743927144194 0 0 0.7426064776592426
633 0.873124995987266 0.10877387700494101 0 0 0.7422602609817952
634 0.44951657541557233 0.4984705400701687 1 0 0.7419142173694167
635 0.9988129627079083 0.001187037292091731 0 0 0.741568346735596
636 0.9966670293728627 0.003332970627137529 0 0 0.7412226489938657
637 0.9774952676656314 0.02250473233436888 0 0 0.7408771240578012
638 0.9954064157311572 0.004593584268843446 0 0 0.7405317718410214
639 0.9695853327471048 0.030414667252895423 0 0 0.740186592257188
640 0.9987353595080809 0.0012646404919187818 0 0 0.7398415852200064
641 0.9797878356158813 0.020212164384119113 0 0 0.7394967506432246
642 0.9985365629729508 0.0014634370270493685 0 0 0.7391520884406341
643 0.8020567713840402 0.1807326193558487 0 0 0.7388075985260694
644 0.10138798200948178 0.8986120179905182 1 1 0.7384632808134077
645 0.8285847554095167 0.15415070143039533 0 0 0.7381191352165699
646 0.9809702769366896 0.0017600790957115967 0 0 0.7377751616495195
647 0.9783183811004982 0.003500001018478819 0 0 0.7374313600262631
648 0.9803475852147907 0.0014690170663621323 0 0 0.7370877302608503
649 0.8628819695954201 0.11988010225390938 0 0 0.7367442722673737
650 0.9463406457403549 0.018133679545247836 0 0 0.7364009859599686
651 0.9355728381508516 0.04622445387551856 0 0 0.7360578712528136
652 0.8533902575093576 0.14660974249064276 0 0 0.7357149280601301
653 0.99872915469875 0.0012708453012497752 0 0 0.735372156296182
654 0.973222955345778 0.009581788672101289 0 0 0.7350295558752767
655 0.47587994106754067 0.5241200589324593 1 0 0.7346871267117638
656 0.9552006227745402 0.026413607775065618 0 0 0.7343448687200363
657 0.8829376330736538 0.09867803195110775 0 0 0.7340027818145295
658 0.9794488622849298 0.020551137715070347 0 0 0.7336608659097217
659 0.22535566388392983 0.7402290529639182 1 0 0.7333191209201338
660 0.9812709568350522 0.00119698545660953 0 0 0.7329775467603299
661 0.16371745467689208 0.8179152323348083 1 0 0.7326361433449161
662 0.5541312386526367 0.4111070198937605 0 0 0.7322949105885418
663 0.6605567460895418 0.339443253910458 0 0 0.7319538484058986
664 0.9264515578592062 0.0735484421407941 0 0 0.7316129567117211
665 0.11348125074566083 0.8865187492543387 1 1 0.7312722354207863
666 0.9930403453108184 0.006959654689181306 0 0 0.730931684447914
667 0.9608753863407459 0.0038277350973276217 0 0 0.7305913037079662
668 0.6494134950317371 0.33343958398368906 0 0 0.7302510931158481
669 0.9959586626684623 0.004041337331537804 0 0 0.7299110525865067
670 0.9778641784892116 0.022135821510788575 0 0 0.7295711820349319
671 0.8637204043691876 0.13627959563081235 0 0 0.7292314813761562
672 0.998826874109501 0.0011731258904992062 0 0 0.7288919505252545
673 0.9826743404391465 0.017325659560853787 0 0 0.7285525893973438
674 0.7319956573525787 0.2680043426474216 0 0 0.728213397907584
675 0.99761256404444 0.0023874359555601334 0 0 0.7278743759711773
676 0.13056691857997435 0.8694330814200261 1 1 0.7275355235033681
677 0.955788366053004 0.026840005773789036 0 0 0.7271968404194433
678 0.851332538186007 0.13047940441184552 0 0 0.7268583266347322
679 0.9312741155869396 0.05134618090800931 0 0 0.7265199820646062
680 0.9628212957506734 0.03717870424932649 0 0 0.7261818066244792
681 0.989886534220985 0.010113465779015054 0 0 0.7258438002298074
682 0.9851191080136367 0.014880891986363175 0 0 0.7255059627960893
683 0.09610709541424253 0.885677724582485 1 1 0.7251682942388652
684 0.9849804271621366 0.015019572837863397 0 0 0.7248307944737185
685 0.693387826807636 0.2883855598568754 0 0 0.7244934634162736
686 0.20769529394174657 0.7923047060582539 1 0 0.7241563009821983
687 0.9592948331839818 0.04070516681601819 0 0 0.7238193070872015
688 0.96762635663318 0.014099109504322596 0 0 0.7234824816470352
689 0.9714134665584131 0.010309525304729035 0 0 0.7231458245774928
690 0.9962205373123924 0.0037794626876080325 0 0 0.72280933579441
691 0.9987901121297085 0.0012098878702914231 0 0 0.7224730152136646
692 0.9821674833900219 0.017832516609978734 0 0 0.7221368627511766
693 0.9964095833550589 0.0035904166449405627 0 0 0.7218008783229077
694 0.9781383899737904 0.00467364399728615 0 0 0.721465061844862
695 0.37199007897881964 0.6097757878248999 1 0 0.7211294132330852
696 0.9976052957246836 0.0023947042753165093 0 0 0.7207939324036652
697 0.9830127009733683 0.016987299026631462 0 0 0.7204586192727317
698 0.9354954031436471 0.06450459685635268 0 0 0.7201234737564566
699 0.9985979560282273 0.0014020439717727226 0 0 0.7197884957710535
700 0.9988267314083255 0.0011732685916745257 0 0 0.7194536852327778
701 0.07716309479168805 0.8862454003821495 1 1 0.7191190420579268
702 0.8327608752073039 0.16723912479269573 0 0 0.7187845661628398
703 0.263549324276094 0.7364506757239055 1 1 0.7184502574638979
704 0.931773655335134 0.06822634466486577 0 0 0.7181161158775239
705 0.07207998261651871 0.9104297984253947 1 1 0.7177821413201823
706 0.9544851457676398 0.045514854232360125 0 0 0.7174483337083795
707 0.05968633217456676 0.922077555953349 1 1 0.7171146929586635
708 0.9373898121137092 0.009012544190031136 0 0 0.7167812189876244
709 0.8546860983094118 0.14531390169058836 0 0 0.7164479117118934
710 0.9491858685600093 0.03355776282595437 0 0 0.7161147710481438
711 0.05304830567597464 0.9288362829886498 1 1 0.7157817969130904
712 0.8669166849635211 0.08117340404590129 0 0 0.7154489892234898
713 0.9603054241765728 0.0396945758234277 0 0 0.7151163478961399
714 0.41952418991059043 0.5804758100894094 1 0 0.7147838728478805
715 0.7945552412018339 0.18821247931467852 0 0 0.7144515639955927
716 0.9987946329576901 0.0012053670423098249 0 0 0.7141194212561994
717 0.9774821627821754 0.022517837217825347 0 0 0.7137874445466649
718 0.7860335815815621 0.21396641841843783 0 0 0.7134556337839949
719 0.9813549115684113 0.0012101774358004008 0 0 0.7131239888852369
720 0.9814403779412683 0.0011265915992481276 0 0 0.7127925097674795
721 0.9812631258649099 0.018736874135089877 0 0 0.7124611963478531
722 0.18466707911533703 0.7981376156510734 1 1 0.7121300485435291
723 0.05250447422254206 0.9474955257774575 1 1 0.7117990662717207
724 0.9988140001433974 0.0011859998566024004 0 0 0.7114682494496825
725 0.7901853116068105 0.20981468839318923 0 0 0.7111375979947099
726 0.6214322543150742 0.37856774568492557 0 0 0.7108071118241404
727 0.997624234105976 0.002375765894024043 0 0 0.7104767908553521
728 0.968523382647649 0.031476617352351126 0 0 0.7101466350057651
729 0.34137360532915 0.6586263946708502 1 1 0.7098166441928402
730 0.9978583279045834 0.002141672095416453 0 0 0.70948681833408
731 0.9924341969542246 0.0075658030457750195 0 0 0.7091571573470277
732 0.9632602338621067 0.03673976613789272 0 0 0.7088276611492681
733 0.09518173337413069 0.9048182666258692 1 1 0.7084983296584272
734 0.9975127950208718 0.0024872049791280636 0 0 0.7081691627921721
735 0.9649398516834413 0.03506014831655883 0 0 0.7078401604682113
736 0.9826934148629591 0.01730658513704066 0 0 0.7075113226042938
737 0.9914128340397901 0.008587165960210441 0 0 0.7071826491182106
738 0.951912172752881 0.04808782724711905 0 0 0.7068541399277931
739 0.9972121531304569 0.002787846869543356 0 0 0.7065257949509139
740 0.9977681214420139 0.0022318785579867493 0 0 0.706197614105487
741 0.047938017315390886 0.9520619826846091 1 1 0.7058695973094669
742 0.9793752066200281 0.020624793379972098 0 0 0.7055417444808496
743 0.4391378117369439 0.560862188263056 1 0 0.7052140555376718
744 0.08209480527630125 0.9179051947236986 1 1 0.7048865303980113
745 0.9902376456965548 0.00976235430344521 0 0 0.7045591689799868
746 0.12316838750186478 0.8415652428094924 1 0 0.704231971201758
747 0.24752252459651172 0.7344865546626603 1 0 0.7039049369815255
748 0.9649731045065716 0.01695666849725111 0 0 0.7035780662375305
749 0.9776756821234563 0.0040817894885556765 0 0 0.7032513588880555
750 0.968811576986517 0.013182018187966858 0 0 0.7029248148514237
751 0.21527810150678678 0.7664771608629236 1 0 0.7025984340459989
752 0.9700941979477715 0.011907367822023856 0 0 0.702272216390186
753 0.9972045580601759 0.0027954419398245885 0 0 0.7019461618024306
754 0.6236405545031743 0.3409280523119056 0 0 0.7016202702012192
755 0.9975400807939755 0.002459919206024778 0 0 0.7012945415050786
756 0.9915636575679773 0.008436342432022322 0 0 0.7009689756325769
757 0.9164781642895541 0.08352183571044564 0 0 0.7006435725023222
758 0.9791588560601757 0.002803400358480449 0 0 0.7003183320329643
759 0.9807746946224218 0.0011870813421316797 0 0 0.6999932541431928
760 0.4864049062653049 0.513595093734695 1 1 0.6996683387517381
761 0.11797506417187943 0.8125072717101773 1 1 0.6993435857773715
762 0.9039455775120605 0.09605442248793922 0 0 0.6990189951389048
763 0.9274867089906221 0.05460671314184961 0 0 0.6986945667551901
764 0.29322107001226966 0.7067789299877306 1 0 0.6983703005451206
765 0.7795215296890379 0.18470872960126963 0 0 0.6980461964276296
766 0.9102133982609537 0.08978660173904628 0 0 0.697722254321691
767 0.943130293585967 0.05686970641403284 0 0 0.6973984741463195
768 0.9758094326321843 0.024190567367815635 0 0 0.6970748558205697
769 0.9810905361106584 0.0011189771508964422 0 0 0.6967513992635375
770 0.9351671546404688 0.029232037244361058 0 0 0.6964281043943583
771 0.9985863502672783 0.001413649732722099 0 0 0.6961049711322086
772 0.9973266500973503 0.0026733499026498323 0 0 0.695781999396305
773 0.9874729765040033 0.0125270234959964 0 0 0.6954591891059047
774 0.9987332859090042 0.001266714090996272 0 0 0.6951365401803049
775 0.6407366424567547 0.3592633575432453 0 0 0.6948140525388437
776 0.9221527747819201 0.060447782865005364 0 0 0.6944917261008988
777 0.30994068774168126 0.6729651174325304 1 0 0.6941695607858889
778 0.14969132343804756 0.8331298340445977 1 0 0.6938475565132726
779 0.9228942843587891 0.05962995884291914 0 0 0.6935257132025486
780 0.9787775257417783 0.002868963295215625 0 0 0.6932040307732564
781 0.07388215941467088 0.9077639407071936 1 1 0.6928825091449753
782 0.9556769209696407 0.02610308843743294 0 0 0.6925611482373247
783 0.9933591360117511 0.006640863988249038 0 0 0.6922399479699646
784 0.9993846146548966 0.0006153853451035169 0 0 0.6919189082625947
785 0.9999996874982756 3.125017241006301e-07 0 0 0.6915980290349553
786 0.9814731333718987 0.018526866628101123 0 0 0.6912773102068266
787 0.9957727723207477 0.004227227679252332 0 0 0.6909567516980287
788 0.9997858557180331 0.00021414428196684531 0 0 0.690636353428422
789 0.33715031095870457 0.6453702189800512 1 1 0.690316115317907
790 0.986555754716791 0.013444245283208632 0 0 0.6899960372864243
791 0.3337997247216256 0.6484421442658492 1 0 0.6896761192539541
792 0.9980601315777512 0.001939868422248235 0 0 0.6893563611405171
793 0.6461347133787965 0.3538652866212038 0 0 0.6890367628661737
794 0.7774541252418157 0.20411448336687493 0 0 0.6887173243510244
795 0.9916631736723952 0.00833682632760486 0 0 0.6883980455152096
796 0.13888062324131714 0.8431997830586221 1 0 0.6880789262789093
797 0.9056712747198653 0.07650092145944908 0 0 0.687759966562344
798 0.4007863855734917 0.5807765057807595 1 1 0.6874411662857736
799 0.9963870535431554 0.003612946456844452 0 0 0.6871225253694981
800 0.7716321135004941 0.22836788649950585 0 0 0.6868040437338574
801 0.9728111064247458 0.009262528942787538 0 0 0.6864857212992308
802 0.928500500272257 0.07149949972774274 0 0 0.6861675579860379
803 0.9646094791298248 0.018052518140660195 0 0 0.6858495537147378
804 0.9931565873237184 0.00684341267628176 0 0 0.6855317084058294
805 0.9753847954265523 0.006234140787265977 0 0 0.6852140219798515
806 0.9053156809913037 0.09468431900869662 0 0 0.6848964943573823
807 0.9978021468941707 0.0021978531058295817 0 0 0.6845791254590401
808 0.9961602202833046 0.003839779716694904 0 0 0.6842619152054825
809 0.9077163236035788 0.09228367639642138 0 0 0.683944863517407
810 0.9949206062791948 0.005079393720805646 0 0 0.6836279703155507
811 0.8852224018852168 0.11477759811478365 0 0 0.6833112355206903
812 0.1253983537884818 0.874601646211518 1 1 0.6829946590536421
813 0.9668105964709078 0.033189403529092075 0 0 0.6826782408352619
814 0.9968252581592005 0.0031747418407995563 0 0 0.6823619807864452
815 0.8573191683307734 0.14268083166922702 0 0 0.682045878828127
816 0.9753997362428221 0.024600263757178026 0 0 0.6817299348812819
817 0.9998853555921171 0.00011464440788335916 0 0 0.6814141488669236
818 0.9991215204750719 0.0008784795249281684 0 0 0.6810985207061059
819 0.8665607278988064 0.13343927210119336 0 0 0.6807830503199217
820 0.9783978838130228 0.02160211618697709 0 0 0.6804677376295034
821 0.772333769236468 0.2276662307635318 0 0 0.6801525825560227
822 0.9917673602990572 0.008232639700942268 0 0 0.679837585020691
823 0.9722803367506121 0.0277196632493886 0 0 0.6795227449447588
824 0.7736962025633778 0.20786073610291161 0 0 0.6792080622495161
825 0.9780014843006186 0.0035912510652362797 0 0 0.6788935368562923
826 0.9289996745044663 0.07100032549553373 0 0 0.678579168686456
827 0.9859383350532702 0.014061664946730104 0 0 0.678264957661415
828 0.9920323406977383 0.007967659302261386 0 0 0.6779509037026168
829 0.9750901125420538 0.02490988745794675 0 0 0.6776370067315478
830 0.12079449312977197 0.8607734024722324 1 1 0.6773232666697337
831 0.7860685003321919 0.2139314996678082 0 0 0.6770096834387397
832 0.18426377520453172 0.7982354952808759 1 1 0.6766962569601696
833 0.3862999865723021 0.5770645899670471 1 0 0.6763829871556671
834 0.9467473631424145 0.05325263685758532 0 0 0.6760698739469146
835 0.9853440506131345 0.01465594938686523 0 0 0.675756917255634
836 0.9858746148005026 0.01412538519949733 0 0 0.6754441170035859
837 0.4300344485404927 0.5699655514595078 1 1 0.6751314731125703
838 0.7411649668807316 0.25883503311926814 0 0 0.6748189855044261
839 0.9775652096395827 0.022434790360417536 0 0 0.6745066541010316
840 0.9775897941262897 0.022410205873710367 0 0 0.6741944788243039
841 0.973781290235322 0.026218709764677987 0 0 0.6738824595961992
842 0.6203237028608464 0.37967629713915346 0 0 0.6735705963387126
843 0.9472189893228604 0.035504357674565966 0 0 0.6732588889738784
844 0.8553629765757583 0.1273637855944532 0 0 0.6729473374237697
845 0.977780428470044 0.02221957152995578 0 0 0.6726359416104986
846 0.7779911884200488 0.22200881157995137 0 0 0.6723247014562159
847 0.8293152824184078 0.17068471758159243 0 0 0.6720136168831121
848 0.09017276351512736 0.8733243633548105 1 1 0.6717026878134157
849 0.9368143120290664 0.04588826961362862 0 0 0.6713919141693944
850 0.7437197718591371 0.23927790977095664 0 0 0.671081295873355
851 0.5831969656053467 0.399783821030484 0 0 0.6707708328476427
852 0.9779841975065849 0.02201580249341516 0 0 0.6704605250146418
853 0.9742690994644251 0.02573090053557498 0 0 0.6701503722967755
854 0.9626009166140911 0.03739908338590933 0 0 0.6698403746165054
855 0.6796009067664113 0.3203990932335884 0 0 0.6695305318963323
856 0.22693981511963807 0.7555976179948463 1 1 0.6692208440587953
857 0.9688620222804516 0.03113797771954829 0 0 0.6689113110264727
858 0.9029240850296344 0.0785644512274883 0 0 0.6686019327219809
859 0.8700208760544325 0.1299791239455676 0 0 0.6682927090679757
860 0.5217548566111361 0.4608466035096752 0 1 0.6679836399871507
861 0.9119294251843907 0.08807057481560912 0 0 0.6676747254022392
862 0.3133677210442757 0.6866322789557243 1 1 0.6673659652360121
863 0.9695390438076483 0.030460956192351892 0 0 0.6670573594112795
864 0.6059786532514481 0.37707125286619925 0 0 0.6667489078508901
865 0.16828952044686596 0.8131905538423905 1 1 0.6664406104777307
866 0.6351879408791145 0.36481205912088577 0 1 0.6661324672147273
867 0.9151666996784105 0.08483330032158978 0 0 0.6658244779848439
868 0.8114957456221462 0.17128588449540977 0 1 0.665516642711083
869 0.12901191760171524 0.8709880823982847 1 1 0.6652089613164862
870 0.7280996871428376 0.2719003128571623 0 0 0.6649014337241329
871 0.9833069299276127 0.016693070072387475 0 0 0.6645940598571412
872 0.7668992491033725 0.21584311378501617 0 0 0.6642868396386676
873 0.194117954018108 0.772132418046142 1 0 0.6639797729919072
874 0.9789340645304954 0.02106593546950485 0 0 0.6636728598400933
875 0.9796846525151396 0.02031534748486085 0 0 0.6633661001064974
876 0.9164387176016564 0.0835612823983435 0 0 0.6630594937144298
877 0.07361935252841599 0.9088734443575303 1 1 0.6627530405872389
878 0.9163063305021022 0.08369366949789793 0 0 0.6624467406483112
879 0.7599119920582872 0.24008800794171276 0 0 0.6621405938210719
880 0.8289407384275712 0.11968516327622747 0 0 0.6618346000289843
881 0.899085877810041 0.0667556254289374 0 0 0.6615287591955499
882 0.9846735318714118 0.015326468128587597 0 0 0.6612230712443085
883 0.9573044936575734 0.04269550634242638 0 0 0.660917536098838
884 0.983084107669641 0.01691589233035903 0 0 0.6606121536827546
885 0.9888458647636146 0.011154135236385159 0 0 0.660306923919713
886 0.9968966614527606 0.003103338547239485 0 0 0.6600018467334055
887 0.9706260460919992 0.011346838058771494 0 0 0.6596969220475628
888 0.9956410557383665 0.004358944261633456 0 0 0.6593921497859538
889 0.993017518442099 0.0069824815579008275 0 0 0.6590875298723855
890 0.9894369050157517 0.010563094984248468 0 0 0.6587830622307028
891 0.07984295821873164 0.9028401123503793 1 1 0.6584787467847888
892 0.9857648045633285 0.014235195436671538 0 0 0.6581745834585647
893 0.9905806909243745 0.009419309075625855 0 0 0.6578705721759897
894 0.9739216351569453 0.026078364843054317 0 0 0.6575667128610608
895 0.9962402309440849 0.0037597690559153605 0 0 0.6572630054378134
896 0.9038954392378432 0.043915800780381375 0 0 0.6569594498303204
897 0.997163085400906 0.00283691459909336 0 0 0.6566560459626931
898 0.8015534472371737 0.1984465527628264 0 0 0.6563527937590804
899 0.896422312266301 0.10357768773369937 0 0 0.6560496931436693
900 0.8304517297351678 0.169548270264832 0 0 0.6557467440406847
901 0.9971672766365808 0.002832723363419018 0 0 0.6554439463743891
902 0.9971629214019861 0.0028370785980136167 0 0 0.6551413000690834
903 0.9294570807835363 0.07054291921646391 0 0 0.6548388050491059
904 0.983663278252664 0.016336721747336143 0 0 0.6545364612388327
905 0.9444257668741028 0.03774802349169141 0 0 0.6542342685626781
906 0.7666245323395112 0.23337546766048914 0 0 0.6539322269450936
907 0.9791612576647952 0.02083874233520486 0 0 0.653630336310569
908 0.9967871227048766 0.0032128772951233956 0 0 0.6533285965836317
909 0.22875212604562456 0.7712478739543756 1 1 0.6530270076888467
910 0.9999750077422284 2.49922577719919e-05 0 0 0.6527255695508168
911 0.9982399425200809 0.001760057479918782 0 0 0.6524242820941824
912 0.9525060265983527 0.04749397340164678 0 0 0.6521231452436216
913 0.48615865568269445 0.5138413443173055 1 0 0.6518221589238503
914 0.7727602728950499 0.2272397271049502 0 0 0.6515213230596218
915 0.9905119208994643 0.009488079100535736 0 0 0.6512206375757272
916 0.9836325779280671 0.016367422071932123 0 0 0.6509201023969953
917 0.06088997678982728 0.9391100232101729 1 1 0.650619717448292
918 0.9841635127725045 0.015836487227495165 0 0 0.6503194826545211
919 0.9812941989914216 0.0187058010085785 0 0 0.6500193979406241
920 0.9860682616223723 0.01393173837762767 0 0 0.6497194632315797
921 0.6032884879773812 0.3612133352516954 0 0 0.6494196784524042
922 0.996234977238112 0.003765022761888128 0 0 0.6491200435281514
923 0.9733386138347055 0.008827775339524873 0 0 0.6488205583839127
924 0.66941250820737 0.33058749179263036 0 0 0.6485212229448166
925 0.8154879568672158 0.18451204313278446 0 0 0.6482220371360295
926 0.9806245371431475 0.019375462856852814 0 0 0.6479230008827548
927 0.9785843921151809 0.021415607884819114 0 0 0.6476241141102334
928 0.07503402466429487 0.9249659753357049 1 1 0.6473253767437435
929 0.9770156921188707 0.02298430788112941 0 0 0.647026788708601
930 0.864998973470191 0.09937477256702468 0 0 0.6467283499301587
931 0.8077451376778971 0.1922548623221032 0 0 0.6464300603338071
932 0.4225066204956047 0.5596407011192661 1 1 0.6461319198449736
933 0.7193632553375174 0.28063674466248223 0 0 0.6458339283891233
934 0.05825140095673147 0.9417485990432689 1 1 0.6455360858917581
935 0.8353649463610803 0.16463505363891928 0 0 0.6452383922784176
936 0.08047195246430877 0.9195280475356908 1 1 0.6449408474746782
937 0.9109281243583953 0.0707372620708518 0 0 0.6446434514061538
938 0.9738666060457327 0.008540525123890157 0 0 0.6443462039984952
939 0.9073064521395899 0.09269354786041034 0 0 0.6440491051773908
940 0.12000761612527401 0.8799923838747257 1 1 0.6437521548685657
941 0.9833429960647004 0.01665700393529933 0 0 0.6434553529977826
942 0.07868561750993758 0.9213143824900627 1 1 0.6431586994908406
943 0.9999792422771102 2.0757722889698972e-05 0 0 0.6428621942735768
944 0.925274244049565 0.07472575595043518 0 0 0.6425658372718644
945 0.9712042282622848 0.028795771737715515 0 0 0.6422696284116146
946 0.24361287105765408 0.6867905483402242 1 1 0.641973567618775
947 0.8385839919478123 0.1432949622805816 0 0 0.6416776548193303
948 0.9284768988156608 0.07152310118433934 0 0 0.6413818899393023
949 0.13300309355761306 0.8319447396859491 1 1 0.6410862729047501
950 0.47793427901877705 0.5220657209812227 1 0 0.640790803641769
951 0.516758392946355 0.44692585826961395 0 0 0.640495482076492
952 0.4807338038724756 0.4831609326611874 1 0 0.6402003081350885
953 0.9927720999662024 0.007227900033797817 0 0 0.6399052817437653
954 0.8828148145892235 0.09855100470593696 0 0 0.6396104028287655
955 0.9647813932295138 0.016586981090918853 0 0 0.6393156713163693
956 0.26347543167980997 0.73652456832019 1 1 0.6390210871328942
957 0.1262715517296497 0.8737284482703505 1 1 0.638726650204694
958 0.9861586821127053 0.013841317887294332 0 0 0.6384323604581593
959 0.05724248039224402 0.9254380665014803 1 0 0.6381382178197178
960 0.8848517472015957 0.1151482527984044 0 0 0.6378442222158338
961 0.9961994803486708 0.0038005196513288433 0 0 0.6375503735730085
962 0.9955843788732799 0.0044156211267197785 0 0 0.6372566718177796
963 0.9169402970206291 0.08305970297937121 0 0 0.6369631168767217
964 0.9365538765030903 0.06344612349691019 0 0 0.636669708676446
965 0.14844546009202977 0.8165739002019734 1 1 0.6363764471436006
966 0.996459963134236 0.003540036865763835 0 0 0.63608333220487
967 0.9922323536107331 0.0077676463892667625 0 0 0.6357903637869756
968 0.0722778270322929 0.8754736776158918 1 1 0.6354975418166752
969 0.9350798870472582 0.0649201129527416 0 0 0.6352048662207632
970 0.9948910724414631 0.005108927558537259 0 0 0.6349123369260709
971 0.9964269258861685 0.003573074113831604 0 0 0.6346199538594659
972 0.9835559548524582 0.016444045147541678 0 0 0.6343277169478523
973 0.10019039441774287 0.8998096055822569 1 1 0.634035626118171
974 0.9336772502429437 0.06632274975705606 0 0 0.6337436812973992
975 0.9961246132626235 0.0038753867373766413 0 0 0.6334518824125509
976 0.9393928099874231 0.06060719001257706 0 0 0.6331602293906763
977 0.5649562611858737 0.4180397367746512 0 0 0.6328687221588619
978 0.24374901592094977 0.7562509840790499 1 1 0.6325773606442311
979 0.5194709194038634 0.48052908059613675 0 0 0.6322861447739436
980 0.9291466081952336 0.07085339180476644 0 0 0.6319950744751953
981 0.401147803408159 0.5988521965918407 1 1 0.6317041496752187
982 0.9954400352865054 0.0045599647134945505 0 0 0.6314133703012824
983 0.9964469012334324 0.003553098766567445 0 0 0.6311227362806918
984 0.07714625964967195 0.9058888029330061 1 1 0.6308322475407883
985 0.056316607662690185 0.9436833923373095 1 1 0.6305419040089496
986 0.12286795352235566 0.8771320464776446 1 0 0.63025170561259
987 0.9361253714160818 0.06387462858391849 0 0 0.6299616522791599
988 0.8501457675781346 0.1326877650509274 0 0 0.6296717439361458
989 0.9601822618791693 0.03981773812083067 0 0 0.6293819805110707
990 0.1134407094594237 0.8865592905405763 1 1 0.6290923619314938
991 0.9460716447923354 0.053928355207664716 0 0 0.6288028881250104
992 0.3597792426652374 0.6402207573347629 1 1 0.628513559019252
993 0.9089296443602136 0.0910703556397865 0 0 0.6282243745418864
994 0.8864476771615069 0.1135523228384932 0 0 0.6279353346206175
995 0.8666213185404641 0.1333786814595358 0 0 0.6276464391831852
996 0.7771663992762785 0.22283360072372121 0 0 0.6273576881573657
997 0.855694993215412 0.12710462545465384 0 0 0.6270690814709713
998 0.0705047026520449 0.9294952973479551 1 1 0.6267806190518502
999 0.14519826367058752 0.8548017363294127 1 0 0.6264923008278869
1000 0.6969523901529647 0.3030476098470349 0 0 0.6262041267270018
1001 0.9163249424112287 0.08367505758877121 0 0 0.6259160966771513
1002 0.9701746850632359 0.029825314936763693 0 0 0.6256282106063281
1003 0.899525322222291 0.10047467777770946 0 0 0.6253404684425605
1004 0.9684474956695099 0.03155250433048996 0 0 0.6250528701139131
1005 0.06620956384933625 0.9337904361506641 1 1 0.624765415548486
1006 0.41935713956272375 0.5639710791977837 1 0 0.624478104674416
1007 0.7863551216065587 0.21364487839344132 0 0 0.6241909374198751
1008 0.9272886274064702 0.0727113725935303 0 0 0.6239039137130715
1009 0.955509245384344 0.04449075461565602 0 0 0.6236170334822493
1010 0.14712594408580776 0.8528740559141923 1 0 0.6233302966556885
1011 0.9014728543437671 0.09852714565623277 0 0 0.6230437031617049
1012 0.9566918832230613 0.04330811677693851 0 0 0.62275725292865
1013 0.16976589100083694 0.8302341089991632 1 1 0.6224709458849114
1014 0.9621241421216389 0.03787585787836117 0 0 0.6221847819589121
1015 0.98806156385163 0.011938436148370594 0 0 0.6218987610791114
1016 0.9505671510892376 0.03173061353685759 0 0 0.6216128831740039
1017 0.9788113196661667 0.0034818583510109863 0 0 0.6213271481721202
1018 0.8843056269995738 0.11569437300042587 0 0 0.6210415560020265
1019 0.9544018121568023 0.0455981878431978 0 0 0.6207561065923247
1020 0.9879153899446261 0.012084610055374385 0 0 0.6204707998716527
1021 0.7284220661698599 0.2715779338301403 0 1 0.6201856357686835
1022 0.2724951713909384 0.7275048286090617 1 0 0.6199006142121263
1023 0.7241683279678348 0.27583167203216535 0 0 0.6196157351307255
1024 0.7988670856724351 0.18469060719124936 0 0 0.6193309984532614
1025 0.3947419233864051 0.6052580766135949 1 0 0.6190464041085502
1026 0.3687877288115128 0.6144969479605404 1 1 0.6187619520254427
1027 0.0805183283161055 0.9031234261418407 1 1 0.6184776421328263
1028 0.15833442904833064 0.8416655709516695 1 1 0.6181934743596232
1029 0.9753810233124164 0.00677701747293207 0 0 0.617909448634792
1030 0.22658870401118664 0.7734112959888135 1 1 0.6176255648873256
1031 0.4065712161885856 0.5755662222692851 1 0 0.6173418230462535
1032 0.9956242953467569 0.00437570465324298 0 0 0.6170582230406401
1033 0.10878654976360047 0.8571679701660038 1 1 0.6167747647995855
1034 0.07829518855310945 0.9037371052766336 1 1 0.6164914482522249
1035 0.19101855599421075 0.8089814440057892 1 0 0.6162082733277294
1036 0.9220407747755135 0.04563478023562682 0 0 0.6159252399553051
1037 0.7490088637064923 0.2509911362935074 0 0 0.6156423480641939
1038 0.965498737963689 0.015771940565956058 0 0 0.6153595975836726
1039 0.7662457277119266 0.21502613827209666 0 0 0.6150769884430536
1040 0.9810487052731179 0.018951294726881816 0 0 0.6147945205716847
1041 0.9284519405481386 0.07154805945186153 0 0 0.6145121938989488
1042 0.906098096703811 0.09390190329618929 0 0 0.6142300083542643
1043 0.9878481398269389 0.012151860173061503 0 0 0.613947963867085
1044 0.9177074828889907 0.0822925171110091 0 0 0.6136660603668994
1045 0.9565870463828524 0.04341295361714736 0 0 0.613384297783232
1046 0.6000065131508189 0.3999934868491808 0 0 0.6131026760456418
1047 0.2570559384502051 0.7268606784180085 1 1 0.6128211950837238
1048 0.996615989863205 0.0033840101367952954 0 0 0.6125398548271073
1049 0.9309257839200665 0.03522879654594111 0 0 0.6122586552054574
1050 0.9079672855439259 0.07455289330790972 0 0 0.6119775961484744
1051 0.29968309049684905 0.6828693940714753 1 0 0.6116966775858933
1052 0.3669661778977799 0.6162599444118675 1 0 0.6114158994474844
1053 0.09804595281027464 0.9019540471897255 1 1 0.6111352616630534
1054 0.9224345259648524 0.060430484953558516 0 0 0.6108547641624407
1055 0.9789489338216696 0.00339738935761797 0 0 0.610574406875522
1056 0.25416978920153294 0.6936851944474132 1 1 0.6102941897322078
1057 0.9565456027139413 0.027079467849924127 0 0 0.6100141126624443
1058 0.5582819067989232 0.4246616541294145 0 0 0.6097341755962116
1059 0.9966727525291759 0.0033272474708244642 0 0 0.6094543784635258
1060 0.4492492355140865 0.5507507644859136 1 0 0.6091747211944375
1061 0.8649714075846823 0.1178684629414385 0 0 0.6088952037190324
1062 0.1147548946297049 0.8852451053702952 1 0 0.6086158259674311
1063 0.9449450295084987 0.03720025553860141 0 0 0.6083365878697893
1064 0.9274889477990366 0.07251105220096357 0 0 0.6080574893562972
1065 0.9664345415518073 0.03356545844819279 0 0 0.6077785303571807
1066 0.3619928466716011 0.6201530456749451 1 0 0.6074997108026994
1067 0.9562818375148168 0.043718162485183926 0 0 0.6072210306231488
1068 0.8234127385544691 0.16049407570707414 0 0 0.6069424897488587
1069 0.571807134953906 0.4281928650460941 0 0 0.606664088110194
1070 0.8957847641182808 0.10421523588171958 0 0 0.606385825637554
1071 0.9838305214726379 0.016169478527361992 0 0 0.6061077022613736
1072 0.9937614249883651 0.006238575011634786 0 0 0.6058297179121216
1073 0.9088495591078211 0.09115044089217912 0 0 0.605551872520302
1074 0.9920903424731162 0.007909657526884224 0 0 0.6052741660164532
1075 0.9818111319119808 0.018188868088019297 0 0 0.604996598331149
1076 0.26389731586601967 0.7361026841339804 1 1 0.6047191693949973
1077 0.6858351875139532 0.31416481248604683 0 1 0.6044418791386408
1078 0.9531802692874477 0.04681973071255257 0 0 0.6041647274927568
1079 0.961360081892017 0.038639918107983 0 0 0.6038877143880578
1080 0.9267645048627565 0.07323549513724349 0 0 0.6036108397552902
1081 0.9425596575955152 0.05744034240448453 0 0 0.6033341035252354
1082 0.9698638819520827 0.030136118047916955 0 0 0.6030575056287094
1083 0.9557028102957614 0.044297189704238724 0 0 0.6027810459965627
1084 0.9775981379849733 0.022401862015027044 0 0 0.6025047245596803
1085 0.9910270227130766 0.008972977286923796 0 0 0.602228541248982
1086 0.990591400657582 0.009408599342417374 0 0 0.6019524959954218
1087 0.9750489231035283 0.024951076896471833 0 0 0.6016765887299884
1088 0.991347613725409 0.008652386274590945 0 0 0.6014008193837053
1089 0.6639607446111551 0.3190351610964465 0 0 0.6011251878876297
1090 0.9682391787326058 0.014794074962149819 0 0 0.600849694172854
1091 0.8089926860665159 0.19100731393348433 0 0 0.6005743381705049
1092 0.9446419211183092 0.03846356993618075 0 0 0.600299119811743
1093 0.14156655681915772 0.8584334431808418 1 0 0.6000240390277639
1094 0.3000590496774659 0.6828814109230271 1 0 0.5997490957497975
1095 0.958469065806576 0.02463522205290184 0 0 0.5994742899091079
1096 0.8892993068586801 0.09354685013846478 0 0 0.5991996214369936
1097 0.9960898036938131 0.003910196306187686 0 0 0.5989250902647877
1098 0.3084879499938947 0.6915120500061054 1 0 0.598650696323857
1099 0.9882150018508654 0.011784998149134633 0 0 0.5983764395456033
1100 0.6241948374414171 0.35857829273483566 0 0 0.5981023198614623
1101 0.9833458481017894 0.016654151898210623 0 0 0.5978283372029043
1102 0.2503175751427247 0.7496824248572752 1 0 0.5975544915014334
1103 0.8884964090690111 0.1115035909309893 0 0 0.5972807826885881
1104 0.6313866698290189 0.3686133301709815 0 0 0.5970072106959413
1105 0.9421792871010375 0.057820712898962005 0 0 0.5967337754551001
1106 0.22428620340723776 0.7757137965927622 1 0 0.5964604768977056
1107 0.9828886172798503 0.017111382720149823 0 0 0.5961873149554333
1108 0.9384951850092274 0.061504814990772455 0 0 0.5959142895599925
1109 0.08271194682778184 0.8995880729359832 1 1 0.5956414006431268
1110 0.9802112172245414 0.01978878277545876 0 0 0.5953686481366142
1111 0.5765080264564206 0.4234919735435793 0 0 0.5950960319722666
1112 0.07804184976749068 0.9219581502325094 1 1 0.5948235520819296
1113 0.9990839035624555 0.0009160964375445638 0 0 0.5945512083974837
1114 0.41914047195427384 0.5808595280457259 1 0 0.5942790008508425
1115 0.9146087318372443 0.08539126816275561 0 0 0.5940069293739545
1116 0.9786512224345498 0.021348777565449933 0 0 0.5937349938988016
1117 0.9185768462022424 0.08142315379775736 0 0 0.5934631943574
1118 0.9963812896733589 0.003618710326641072 0 0 0.5931915306817999
1119 0.9582598842479044 0.0417401157520957 0 0 0.5929200028040853
1120 0.9966228409541432 0.0033771590458568177 0 0 0.5926486106563742
1121 0.9530713167875072 0.0469286832124931 0 0 0.5923773541708186
1122 0.07318379972821903 0.9268162002717812 1 1 0.5921062332796042
1123 0.054291096676131155 0.9457089033238683 1 1 0.5918352479149512
1124 0.17692468908837428 0.8230753109116257 1 1 0.5915643980091128
1125 0.5659002514474843 0.4170849452060849 0 0 0.5912936834943768
1126 0.9947922571712817 0.005207742828717956 0 0 0.5910231043030645
1127 0.9569406341856235 0.043059365814376485 0 0 0.5907526603675312
1128 0.9123603132000876 0.08763968679991253 0 0 0.5904823516201657
1129 0.888101288714057 0.075809249376222 0 0 0.5902121779933909
1130 0.8898375340817128 0.09199814308744561 0 0 0.5899421394196634
1131 0.9797064341615221 0.003527665500992517 0 0 0.5896722358314737
1132 0.8208218424959122 0.14448110503970527 0 0 0.5894024671613456
1133 0.9573796078425925 0.006534393713193843 0 0 0.5891328333418372
1134 0.9873736659991658 0.012626334000834032 0 0 0.5888633343055399
1135 0.9311448275419818 0.06885517245801841 0 0 0.588593969985079
1136 0.9944642913897421 0.00553570861025761 0 0 0.5883247403131134
1137 0.9761991116170152 0.023800888382985098 0 0 0.5880556452223358
1138 0.943132443112406 0.056867556887594525 0 0 0.587786684645472
1139 0.988737962902452 0.01126203709754824 0 0 0.5875178585152825
1140 0.9707565802336124 0.02924341976638734 0 0 0.5872491667645603
1141 0.994684519119864 0.005315480880135396 0 0 0.5869806093261325
1142 0.9926932648655541 0.007306735134446166 0 0 0.5867121861328599
1143 0.9959139232453817 0.004086076754618201 0 0 0.5864438971176367
1144 0.9967488402613784 0.0032511597386214175 0 0 0.5861757422133904
1145 0.8615370828285502 0.12097417966159013 0 0 0.5859077213530826
1146 0.7793397235230377 0.2035008727479955 0 0 0.5856398344697079
1147 0.9694579008689895 0.030542099131010227 0 0 0.5853720814962946
1148 0.984103221464019 0.01589677853598083 0 0 0.5851044623659044
1149 0.9551691359880481 0.04483086401195189 0 0 0.5848369770116327
1150 0.07140693130320803 0.9285930686967921 1 1 0.584569625366608
1151 0.1816963497341632 0.7833710297844831 1 1 0.5843024073639923
1152 0.9979597055446618 0.0020402944553385145 0 0 0.5840353229369813
1153 0.9796352636763003 0.020364736323700935 0 0 0.5837683720188038
1154 0.9983619421302655 0.0016380578697348747 0 0 0.5835015545427222
1155 0.9999395076012243 6.049239877557254e-05 0 0 0.5832348704420319
1156 0.976765002962202 0.02323499703779792 0 0 0.5829683196500621
1157 0.9778340551028585 0.022165944897141656 0 0 0.5827019021001749
1158 0.9999578601281903 4.21398718102751e-05 0 0 0.5824356177257659
1159 0.9975764751691634 0.0024235248308369086 0 0 0.5821694664602642
1160 0.971628893029594 0.02837110697040598 0 0 0.5819034482371319
1161 0.9977274205347638 0.002272579465236391 0 0 0.5816375629898645
1162 0.9070161197259662 0.0929838802740339 0 0 0.5813718106519905
1163 0.18457877744794254 0.8154212225520572 1 1 0.581106191157072
1164 0.11461528587186402 0.8853847141281359 1 1 0.5808407044387041
1165 0.9365079479199422 0.04491151292010753 0 0 0.5805753504305149
1166 0.10143480113112624 0.8447419936593416 1 1 0.5803101290661662
1167 0.9771103740956398 0.022889625904360385 0 0 0.5800450402793526
1168 0.19179707401484652 0.808202925985154 1 1 0.5797800840038017
1169 0.9983488936022927 0.0016511063977076405 0 0 0.5795152601732745
1170 0.9309925369460404 0.06900746305395962 0 0 0.5792505687215652
1171 0.9730092118764913 0.008725440164072078 0 0 0.5789860095825009
1172 0.41636716259260553 0.5836328374073941 1 0 0.5787215826899417
1173 0.22981979820909484 0.7701802017909052 1 0 0.5784572879777808
1174 0.08790277292026591 0.9120972270797341 1 1 0.5781931253799448
1175 0.06989923000099459 0.9301007699990056 1 1 0.5779290948303928
1176 0.5092676913357659 0.47269937807552764 0 0 0.5776651962631173
1177 0.9836895139680198 0.01631048603198022 0 0 0.5774014296121437
1178 0.9821641016472155 0.017835898352784492 0 0 0.5771377948115302
1179 0.9959624455398578 0.004037554460142463 0 0 0.5768742917953681
1180 0.13594962407845768 0.8470466487213657 1 1 0.5766109204977817
1181 0.5671869765159796 0.43281302348402073 0 0 0.5763476808529281
1182 0.9953738214831338 0.004626178516866148 0 0 0.5760845727949976
1183 0.9629951320127118 0.03700486798728799 0 0 0.575821596258213
1184 0.20635982830028188 0.776473269481811 1 1 0.5755587511768302
1185 0.9615233327619428 0.021610362096049045 0 0 0.5752960374851378
1186 0.873467883447596 0.12653211655240382 0 0 0.5750334551174577
1187 0.08168827173049677 0.9183117282695031 1 1 0.574771004008144
1188 0.2401973814326802 0.7598026185673197 1 0 0.5745086840915841
1189 0.9738910803600399 0.026108919639959673 0 0 0.5742464953021978
1190 0.9948222440972596 0.005177755902740732 0 0 0.5739844375744383
1191 0.8312282817192348 0.16877171828076543 0 0 0.5737225108427908
1192 0.9678992982110903 0.01441878148246077 0 0 0.5734607150417738
1193 0.9404359170543171 0.05956408294568327 0 0 0.5731990501059381
1194 0.7487095993800612 0.2333165753002501 0 0 0.5729375159698679
1195 0.9415353856875178 0.05846461431248273 0 0 0.5726761125681792
1196 0.9663566972306223 0.03364330276937785 0 0 0.5724148398355215
1197 0.9781731749165264 0.021826825083473958 0 0 0.5721536977065764
0.880682850729952
0.8967777056753273
0.9117831921720808
0.881  0.000
0.897  0.000
0.912  0.000
