0
0 0.0 0.0 0 0 1.0
1 0.0 0.0 0 0 0.9995251187302109
2 1.000000000000001 0.0 0 0 0.9990504748417063
3 1.000000000000001 0.0 0 0 0.9985760682158253
4 1.000000000000001 0.0 0 0 0.9981018987339664
5 1.000000000000001 0.0 0 0 0.9976279662775871
6 1.000000000000001 0.0 0 0 0.9971542707282044
7 1.000000000000001 0.0 0 0 0.9966808119673941
8 1.000000000000001 0.0 0 0 0.9962075898767919
9 1.000000000000001 0.0 0 0 0.995734604338092
10 1.000000000000001 0.0 0 0 0.9952618552330482
11 1.000000000000001 0.0 0 0 0.9947893424434732
12 1.000000000000001 0.0 0 0 0.9943170658512385
13 1.000000000000001 0.0 0 1 0.9938450253382753
14 1.000000000000001 1.5282519598362794e-189 0 0 0.9933732207865733
15 1.000000000000001 2.435506106408542e-54 0 1 0.9929016520781815
16 0.295948537554488 0.7040514624455115 1 0 0.9924303190952076
17 0.3157211483439518 0.6842788516560483 1 0 0.9919592217198184
18 0.33394188818028114 0.6660581118197187 1 0 0.9914883598342394
19 0.350826578014927 0.6491734219850731 1 0 0.9910177333207555
20 0.3665473264289217 0.6334526735710783 1 0 0.9905473420617097
21 0.38124412184441947 0.6187558781555808 1 0 0.9900771859395043
22 0.3950326495657674 0.6049673504342327 1 0 0.9896072648366003
23 0.5035495925932216 0.4964504074067784 0 0 0.9891375786355174
24 0.6713725833260804 0.3286274166739194 0 0 0.988668127218834
25 0.7770890200202866 0.22291097997971399 0 0 0.9881989104691874
26 0.8410394474562608 0.158960552543739 0 1 0.9877299282692732
27 0.3427083587018398 0.6572916412981605 1 1 0.987261180501846
28 0.33357698374313793 0.6664230162568624 1 0 0.9867926670497188
29 0.3443424872433169 0.6556575127566833 1 1 0.9863243877957633
30 0.3232661775231785 0.6767338224768217 1 0 0.9858563426229096
31 0.3336876515027515 0.6663123484972485 1 0 0.9853885314141463
32 0.3436522528642736 0.6563477471357259 1 0 0.9849209540525209
33 0.3531964250841145 0.6468035749158852 1 0 0.9844536104211388
34 0.37830957131638315 0.6216904286836162 1 0 0.9839865004031642
35 0.39529134417612927 0.6047086558238705 1 0 0.9835196238818196
36 0.41703198556803955 0.5829680144319609 1 0 0.9830529807403857
37 0.4259023081263789 0.5740976918736213 1 0 0.9825865708622019
38 0.42254370277993264 0.5774562972200679 1 0 0.9821203941306657
39 0.4551726342556548 0.5448273657443459 1 0 0.9816544504292329
40 0.4633469470114859 0.5366530529885146 1 0 0.9811887396414175
41 0.48276743390760735 0.517232566092392 1 0 0.9807232616507919
42 0.550459710708063 0.44954028929193784 0 0 0.9802580163409866
43 0.6616774584091629 0.338322541590837 0 1 0.9797930035956902
44 0.3788855868685227 0.6211144131314774 1 1 0.9793282232986495
45 0.4076366107717659 0.5923633892282347 1 0 0.9788636753336696
46 0.4146937306290233 0.5853062693709761 1 0 0.9783993595846132
47 0.4340555285278068 0.5659444714721926 1 0 0.9779352759354016
48 0.41556963904055705 0.5844303609594428 1 0 0.9774714242700139
49 0.44793247209816517 0.5520675279018342 1 0 0.977007804472487
50 0.4448167729245057 0.5551832270754947 1 1 0.976544416426916
51 0.38667631479018455 0.6133236852098158 1 0 0.976081260017454
52 0.423680758744212 0.576319241255788 1 0 0.9756183351283119
53 0.3810453794874352 0.6189546205125646 1 0 0.9751556416437582
54 0.4349500264916467 0.5650499735083528 1 0 0.97469317944812
55 0.44075689072384594 0.5592431092761538 1 0 0.9742309484257813
56 0.4463388006720745 0.5536611993279253 1 0 0.9737689484611846
57 0.45178148533505297 0.5482185146649472 1 0 0.9733071794388298
58 0.5155315797692023 0.4844684202307981 0 0 0.9728456412432746
59 0.2566802471149319 0.7433197528850682 1 1 0.9723843337591346
60 0.5744141976334949 0.425585802366505 0 0 0.9719232568710827
61 0.1520996462147175 0.8479003537852827 1 1 0.97146241046385
62 0.8180903898109613 0.1819096101890388 0 0 0.9710017944222247
63 0.4342074630352296 0.5657925369647705 1 0 0.9705414086310526
64 0.9041858625215126 0.09581413747848719 0 0 0.9700812529752377
65 0.6990844382284024 0.3009155617715974 0 0 0.9696213273397407
66 0.9643609564021125 0.035639043597887166 0 0 0.9691616316095805
67 0.9689563726822328 0.03104362731776727 0 0 0.9687021656698327
68 0.9591195754257767 0.040880424574223036 0 0 0.9682429294056313
69 0.9708613651001956 0.029138634899804377 0 0 0.967783922702167
70 0.9719464273926409 0.028053572607359002 0 0 0.9673251454446882
71 0.8896442175580784 0.1103557824419217 0 0 0.9668665975185005
72 0.9780171467550539 0.021982853244946043 0 1 0.966408278808967
73 0.18898316944601146 0.8110168305539891 1 0 0.9659501892015078
74 0.7453274184411566 0.2546725815588438 0 0 0.9654923285816008
75 0.8116287493869485 0.18837125061305235 0 0 0.9650346968347807
76 0.6318295946831515 0.3681704053168484 0 0 0.9645772938466396
77 0.8412308533342577 0.15876914666574216 0 0 0.9641201195028267
78 0.9116881549219062 0.08831184507809337 0 0 0.9636631736890484
79 0.8995882049599161 0.10041179504008374 0 0 0.9632064562910683
80 0.06288280940803152 0.9371171905919685 1 1 0.9627499671947071
81 0.9347184412868283 0.06528155871317146 0 0 0.9622937062858423
82 0.9554282957104018 0.044571704289598287 0 0 0.9618376734504089
83 0.9443630129255265 0.05563698707447374 0 0 0.9613818685743987
84 0.9670017300727598 0.032998269927240434 0 0 0.9609262915438603
85 0.9679558394986658 0.03204416050133414 0 0 0.9604709422448996
86 0.15584306424019762 0.8441569357598027 1 0 0.9600158205636791
87 0.22774725241650334 0.7722527475834967 1 0 0.9595609263864187
88 0.9493490280468393 0.05065097195316059 0 0 0.9591062595993943
89 0.9784058329893259 0.02159416701067433 0 0 0.9586518200889397
90 0.6250904190921683 0.37490958090783183 0 1 0.9581976077414449
91 0.9250592080523802 0.07494079194761946 0 0 0.9577436224433568
92 0.9678882902076237 0.03211170979237647 0 0 0.957289864081179
93 0.04110839833887383 0.9588916016611257 1 0 0.9568363325414718
94 0.5155702148948976 0.4844297851051027 0 0 0.9563830277108525
95 0.9691671490378548 0.030832850962145514 0 0 0.9559299494759951
96 0.05848946514206911 0.9415105348579313 1 0 0.9554770977236295
97 0.9699119595843545 0.030088040415645646 0 0 0.9550244723405431
98 0.9768811919583573 0.023118808041642916 0 0 0.9545720732135796
99 0.9852928950689691 0.014707104931031126 0 0 0.9541199002296391
100 0.983852134050712 0.01614786594928842 0 0 0.9536679532756783
101 0.3397521784945198 0.66024782150548 1 1 0.9532162322387105
102 0.6883835197516425 0.3116164802483578 0 0 0.9527647370058057
103 0.2477130484376245 0.7522869515623758 1 0 0.9523134674640896
104 0.9770602819860623 0.022939718013938303 0 0 0.951862423500745
105 0.9834623404732388 0.016537659526760895 0 0 0.9514116050030111
106 0.9252511360777543 0.07474886392224571 0 1 0.9509610118581833
107 0.36885181801153594 0.6311481819884641 1 1 0.950510643953613
108 0.8001558082145809 0.1810150874273656 0 0 0.9500605011767084
109 0.46833933254302884 0.44041405174650816 0 1 0.9496105834149338
110 0.7854288304483271 0.21457116955167346 0 0 0.9491608905558097
111 0.7075616194758755 0.20158436268605015 0 0 0.948711422486913
112 0.18137583972541493 0.7822049156074107 1 0 0.9482621790958765
113 0.20420426768883168 0.7957957323111686 1 0 0.9478131602703894
114 0.8469921086854368 0.13438039605452892 0 0 0.9473643658981972
115 0.8361574240463859 0.10877984448939922 0 0 0.9469157958671011
116 0.15314714879037922 0.8104949831121673 1 0 0.9464674500649586
117 0.4220988460457412 0.5231606139038826 1 0 0.9460193283796833
118 0.214563362818119 0.7854366371818808 1 0 0.9455714306992448
119 0.22097989867139622 0.7790201013286038 1 1 0.9451237569116685
120 0.7924002396802211 0.2075997603197791 0 0 0.9446763069050362
121 0.6959447407693846 0.3040552592306155 0 0 0.9442290805674853
122 0.8778111846868626 0.0498139944167067 0 0 0.9437820777872092
123 0.14107838790562371 0.7665632649514353 1 1 0.9433352984524572
124 0.914883223072052 0.04917710459760931 0 0 0.9428887424515344
125 0.15602926796004227 0.8246684533357003 1 0 0.942442409672802
126 0.5189809533438448 0.44259413197130715 0 1 0.9419963000046766
127 0.14500553061163315 0.7995805658186478 1 0 0.9415504133356308
128 0.8553844773307383 0.07026686974375128 0 0 0.941104749554193
129 0.135200950255724 0.7904530833833695 1 1 0.9406593085489473
130 0.18830835281831046 0.8116916471816894 1 1 0.9402140902085333
131 0.19241246827375627 0.807587531726244 1 0 0.9397690944216465
132 0.8217105590772559 0.1429299323380059 0 0 0.9393243210770379
133 0.4375269964441155 0.5624730035558845 1 0 0.9388797700635142
134 0.9432109638912024 0.021504707249654417 0 0 0.9384354412699377
135 0.9788562256614037 0.021143774338596388 0 0 0.9379913345852261
136 0.2757028300409935 0.7242971699590066 1 0 0.9375474498983528
137 0.7122715835469894 0.2877284164530105 0 0 0.9371037870983466
138 0.8729931494801155 0.12700685051988464 0 1 0.9366603460742918
139 0.6686403479608108 0.3313596520391892 0 0 0.9362171267153282
140 0.28132872253886526 0.7186712774611347 1 0 0.9357741289106508
141 0.9200889839131782 0.07991101608682166 0 0 0.9353313525495103
142 0.9313301121515672 0.0686698878484331 0 0 0.9348887975212126
143 0.8514317783980381 0.1485682216019618 0 0 0.9344464637151187
144 0.21392528569563574 0.7860747143043643 1 0 0.9340043510206455
145 0.2191150507872459 0.7808849492127544 1 0 0.9335624593272646
146 0.9533673585809297 0.046632641419070676 0 0 0.9331207885245031
147 0.22633486236287062 0.7736651376371296 1 0 0.9326793385019433
148 0.9538971105872837 0.04610288941271655 0 0 0.9322381091492229
149 0.3367052262988625 0.6632947737011371 1 0 0.9317971003560342
150 0.8760601497574885 0.12393985024251132 0 0 0.9313563120121252
151 0.21828382647692543 0.7817161735230745 1 0 0.9309157440072989
152 0.9649281163911715 0.03507188360882845 0 0 0.9304753962314132
153 0.9623733389121581 0.03762666108784189 0 0 0.930035268574381
154 0.9804639557943159 0.019536044205684076 0 0 0.9295953609261706
155 0.5038604483553538 0.4961395516446459 0 0 0.929155673176805
156 0.7369790326631193 0.2630209673368807 0 0 0.9287162052163623
157 0.34303639971073413 0.6569636002892656 1 0 0.9282769569349755
158 0.37612352329224064 0.6238764767077594 1 1 0.9278379282228324
159 0.16845454209962493 0.8315454579003752 1 0 0.9273991189701761
160 0.20194297289989202 0.7803355491142367 1 1 0.926960529067304
161 0.9812428516918356 0.018757148308164592 0 0 0.9265221584045688
162 0.5759125924945837 0.40699982452488104 0 0 0.9260840068723777
163 0.9890994351780859 0.010900564821914208 0 0 0.9256460743611928
164 0.4076707354322965 0.5923292645677035 1 0 0.9252083607615312
165 0.3855663063820146 0.6144336936179849 1 0 0.9247708659639643
166 0.9892885129084477 0.010711487091552719 0 0 0.9243335898591184
167 0.18788868234436393 0.8121113176556363 1 0 0.9238965323376747
168 0.9894513076614896 0.010548692338510404 0 0 0.9234596932903685
169 0.9895900447760261 0.010409955223974155 0 0 0.9230230726079901
170 0.6126705205160594 0.3873294794839406 0 0 0.9225866701813845
171 0.988012518536954 0.011987481463045782 0 1 0.9221504859014509
172 0.48739993960703637 0.5126000603929637 1 0 0.9217145196591434
173 0.1953356889544613 0.7874157675199084 1 1 0.9212787713454703
174 0.5591639900404765 0.4408360099595238 0 0 0.9208432408514946
175 0.3252437212649083 0.6747562787350914 1 0 0.9204079280683337
176 0.9443976562854485 0.055602343714551895 0 0 0.9199728328871594
177 0.7295355467017365 0.27046445329826324 0 1 0.9195379551991977
178 0.3390939791208731 0.6609060208791274 1 0 0.9191032948957294
179 0.5408104536959336 0.4591895463040664 0 0 0.9186688518680893
180 0.5267295583755822 0.4732704416244181 0 1 0.9182346260076668
181 0.8238935979415344 0.17610640205846556 0 0 0.9178006172059052
182 0.6335649626868771 0.366435037313123 0 0 0.9173668253543025
183 0.5293098070874881 0.4706901929125126 0 0 0.9169332503444106
184 0.9020884287827908 0.09791157121720885 0 0 0.9164998920678359
185 0.27047587832644365 0.729524121673556 1 0 0.9160667504162386
186 0.9035776377232809 0.09642236227671863 0 0 0.9156338252813335
187 0.4315766042043319 0.5684233957956685 1 0 0.9152011165548892
188 0.5399169138101708 0.46008308618982885 0 0 0.9147686241287286
189 0.8380341387334178 0.16196586126658216 0 0 0.9143363478947285
190 0.5970248679656052 0.4029751320343947 0 1 0.9139042877448198
191 0.4507409033761354 0.5492590966238647 1 0 0.9134724435709877
192 0.761297109380342 0.23870289061965783 0 0 0.9130408152652709
193 0.5997680485911493 0.40023195140885104 0 0 0.9126094027197623
194 0.41267496180984414 0.5873250381901559 1 1 0.912178205826609
195 0.4373390837613496 0.5626609162386503 1 1 0.9117472244780116
196 0.5590662822499317 0.4409337177500681 0 0 0.9113164585662249
197 0.6024739790668707 0.3975260209331293 0 0 0.9108859079835573
198 0.31760855086296963 0.6823914491370308 1 1 0.9104555726223711
199 0.8375285277474174 0.16247147225258277 0 0 0.9100254523750826
200 0.5305863680846455 0.4694136319153547 0 0 0.9095955471341616
201 0.489091316910491 0.47524014065980325 0 0 0.9091658567921319
202 0.9017847228922764 0.09821527710772354 0 0 0.908736381241571
203 0.2743399109583164 0.725660089041684 1 0 0.9083071203751096
204 0.5988609692791208 0.4011390307208792 0 0 0.907878074085433
205 0.19005727371536857 0.7737724285245273 1 0 0.9074492422652793
206 0.9369520699070351 0.06304793009296498 0 0 0.9070206248074407
207 0.46855855222923787 0.5314414477707619 1 0 0.9065922216047627
208 0.49711223779617764 0.5028877622038226 1 0 0.9061640325501444
209 0.5857815304784563 0.41421846952154384 0 0 0.905736057536539
210 0.2732271778559736 0.7267728221440264 1 1 0.9053082964569523
211 0.1940779911296851 0.8059220088703151 1 1 0.9048807492044442
212 0.2540495538211821 0.7283031624163069 1 0 0.9044534156721279
213 0.9492642225276481 0.05073577747235218 0 0 0.9040262957531698
214 0.9550983665833088 0.04490163341669153 0 0 0.9035993893407902
215 0.984126827559761 0.015873172440239187 0 0 0.9031726963282625
216 0.359484316852929 0.6405156831470712 1 0 0.9027462166089132
217 0.8712421347313605 0.12875786526863914 0 0 0.9023199500761224
218 0.9901030394288138 0.009896960571185994 0 0 0.9018938966233236
219 0.8719952613630181 0.12800473863698206 0 0 0.9014680561440035
220 0.3601881042377557 0.6045520280121452 1 0 0.9010424285317018
221 0.30739359475635614 0.6926064052436438 1 0 0.9006170136800117
222 0.243721922172385 0.7384810850208656 1 0 0.9001918114825794
223 0.9015391870357085 0.09846081296429161 0 0 0.8997668218331044
224 0.28597728128247524 0.7140227187175245 1 0 0.8993420446253394
225 0.264310707251315 0.7356892927486852 1 1 0.8989174797530899
226 0.9906119781361401 0.009388021863859931 0 0 0.8984931271102148
227 0.546536809824703 0.4356863326569572 0 0 0.8980689865906258
228 0.1637480184218982 0.8005514158938237 1 0 0.8976450580882879
229 0.991128926614683 0.008871073385316687 0 0 0.897221341497219
230 0.6925928085173677 0.30740719148263257 0 0 0.8967978367114897
231 0.7926819067658912 0.15410078469658098 0 0 0.8963745436252242
232 0.9917340941780836 0.008265905821916346 0 0 0.895951462132599
233 0.4797548646538614 0.5202451353461386 1 0 0.8955285921278436
234 0.9904401153998305 0.009559884600170106 0 0 0.8951059335052408
235 0.763918748799423 0.20030132240324586 0 1 0.8946834861591256
236 0.9472918396993086 0.05270816030069162 0 0 0.8942612499838865
237 0.9478574577252104 0.05214254227478983 0 0 0.8938392248739643
238 0.44969673326896503 0.5503032667310351 1 0 0.8934174107238526
239 0.9494055527149633 0.05059444728503646 0 0 0.8929958074280979
240 0.20531889036940087 0.7406424893752547 1 1 0.8925744148812996
241 0.15843027014441494 0.8415697298555849 1 1 0.8921532329781094
242 0.6238852481186486 0.37611475188135135 0 0 0.8917322616132318
243 0.4664026974993868 0.5335973025006135 1 0 0.891311500681424
244 0.21773492787489587 0.7822650721251045 1 0 0.8908909500774957
245 0.7855213279823234 0.16136134076363146 0 1 0.8904706096963094
246 0.18837664596345666 0.8116233540365435 1 0 0.8900504794327798
247 0.4336637540478267 0.5663362459521735 1 0 0.8896305591818745
248 0.9152744543837738 0.0847255456162264 0 0 0.8892108488386133
249 0.9179895985798416 0.08201040142015886 0 0 0.8887913482980688
250 0.4295587394293101 0.5704412605706899 1 0 0.8883720574553657
251 0.8962029424369767 0.10379705756302327 0 0 0.8879529762056811
252 0.7987009710556422 0.20129902894435772 0 0 0.8875341044442453
253 0.24502263917274444 0.7549773608272558 1 0 0.8871154420663397
254 0.28565651564518985 0.7143434843548101 1 0 0.8866969889672991
255 0.40602998632420945 0.5939700136757907 1 0 0.8862787450425101
256 0.6842675115918263 0.31573248840817353 0 0 0.8858607101874116
257 0.48944559439552704 0.5105544056044731 1 0 0.8854428842974952
258 0.28283779138885284 0.7171622086111471 1 0 0.885025267268304
259 0.21148693828289716 0.7885130617171033 1 0 0.8846078589954341
260 0.4129162750804886 0.5870837249195117 1 0 0.8841906593745332
261 0.5988288283490386 0.4011711716509614 0 0 0.8837736683013016
262 0.6524325123759862 0.34756748762401407 0 0 0.8833568856714914
263 0.5561796958388557 0.4438203041611444 0 0 0.8829403113809069
264 0.3392452685356174 0.6607547314643828 1 0 0.8825239453254046
265 0.9693477799729489 0.03065222002705167 0 0 0.882107787400893
266 0.17590755235028743 0.8240924476497127 1 1 0.8816918375033326
267 0.2765393478833265 0.7234606521166734 1 0 0.8812760955287358
268 0.5120680378045646 0.4879319621954356 0 0 0.8808605613731673
269 0.7063905502492727 0.2936094497507274 0 0 0.8804452349327435
270 0.9708906553443715 0.029109344655628953 0 0 0.8800301161036327
271 0.29529075368423835 0.7047092463157617 1 1 0.8796152047820552
272 0.9707466181714637 0.029253381828536894 0 0 0.8792005008642834
273 0.1641890249685014 0.8358109750314988 1 0 0.878786004246641
274 0.4835552623126608 0.516444737687339 1 0 0.8783717148255039
275 0.32455897008554496 0.675441029914455 1 1 0.8779576324973
276 0.9528503604487939 0.0471496395512063 0 0 0.8775437571585084
277 0.5409533158172114 0.4590466841827889 0 1 0.8771300887056604
278 0.9325254840157386 0.06747451598426157 0 0 0.8767166270353389
279 0.3756581419763459 0.6243418580236544 1 0 0.8763033720441786
280 0.9044872347879683 0.09551276521203172 0 0 0.8758903236288655
281 0.8787576819749219 0.12124231802507797 0 0 0.8754774816861377
282 0.37197630304363855 0.6280236969563611 1 0 0.8750648461127845
283 0.9736484451752248 0.02635155482477549 0 0 0.8746524168056472
284 0.9783949133837777 0.02160508661622264 0 0 0.8742401936616183
285 0.949279668784373 0.050720331215627024 0 0 0.8738281765776422
286 0.9867903756305848 0.013209624369415513 0 0 0.8734163654507144
287 0.44913680100007786 0.5508631989999225 1 1 0.8730047601778824
288 0.34763764332027636 0.6523623566797238 1 0 0.8725933606562447
289 0.31157455612746204 0.6884254438725381 1 0 0.8721821667829516
290 0.7197163890634648 0.2802836109365354 0 0 0.8717711784552042
291 0.42789477421444433 0.5721052257855559 1 0 0.8713603955702558
292 0.3053190074565361 0.6946809925434636 1 0 0.8709498180254107
293 0.9932398241882417 0.006760175811757892 0 0 0.8705394457180242
294 0.9911433582488933 0.008856641751106616 0 0 0.8701292785455035
295 0.7723253471259934 0.2276746528740069 0 0 0.8697193164053066
296 0.9935760032934019 0.0064239967065988285 0 0 0.8693095591949432
297 0.2032139541873989 0.796786045812601 1 1 0.8689000068119738
298 0.992405704992169 0.007594295007830729 0 0 0.8684906591540104
299 0.7648624800028054 0.23513751999719482 0 0 0.868081516118716
300 0.06361035099953001 0.93638964900047 1 1 0.8676725776038049
301 0.3473064185646712 0.652693581435329 1 0 0.8672638435070424
302 0.9938270273957648 0.006172972604235555 0 0 0.8668553137262452
303 0.1864940105076462 0.8135059894923542 1 0 0.8664469881592806
304 0.2720237623962056 0.7279762376037945 1 0 0.8660388667040673
305 0.5816669401778609 0.41833305982213886 0 0 0.8656309492585749
306 0.24012468644620472 0.7598753135537952 1 1 0.8652232357208242
307 0.5042399646394269 0.495760035360573 0 0 0.8648157259888866
308 0.1763266045982127 0.8236733954017872 1 1 0.8644084199608846
309 0.9940248452489076 0.005975154751092488 0 0 0.864001317534992
310 0.6652419713413441 0.3347580286586562 0 0 0.8635944186094329
311 0.3500097302823651 0.6499902697176347 1 0 0.8631877230824827
312 0.9860238948295003 0.013976105170499901 0 0 0.8627812308524675
313 0.36386871769909085 0.6361312823009093 1 0 0.8623749418177644
314 0.4527156107994525 0.5472843892005474 1 0 0.8619688558768008
315 0.2888135603892175 0.7111864396107824 1 0 0.8615629729280555
316 0.993981338364184 0.006018661635816059 0 0 0.8611572928700576
317 0.5501494644367043 0.4498505355632958 0 0 0.8607518156013872
318 0.9844189296476732 0.0155810703523267 0 0 0.860346541020675
319 0.28499035947878465 0.7150096405212151 1 0 0.8599414690266022
320 0.4430289870883411 0.5569710129116592 1 0 0.8595365995179007
321 0.9942803565387007 0.005719643461298746 0 0 0.8591319323933535
322 0.1721000220375883 0.8084622720195768 1 1 0.8587274675517935
323 0.9926404458835776 0.0073595541164224575 0 0 0.8583232048921047
324 0.9920879182094807 0.007912081790519075 0 0 0.8579191443132214
325 0.7150635729271377 0.28493642707286265 0 0 0.8575152857141283
326 0.12283863116332029 0.8581589465687819 1 1 0.8571116289938607
327 0.9816857832823664 0.01831421671763359 0 0 0.8567081740515047
328 0.9946877656106916 0.005312234389308772 0 0 0.8563049207861965
329 0.4191066710295624 0.5808933289704376 1 1 0.8559018690971224
330 0.31118425323412713 0.6888157467658729 1 0 0.8554990188835201
331 0.3199792850879002 0.6800207149120998 1 0 0.8550963700446765
332 0.2290822593696043 0.7324460540632152 1 1 0.8546939224799296
333 0.994732875238093 0.005267124761907022 0 0 0.8542916760886676
334 0.49620221884875093 0.5037977811512491 1 0 0.8538896307703289
335 0.4150685429029336 0.5849314570970662 1 0 0.8534877864244019
336 0.6694204374313487 0.33057956256865156 0 0 0.8530861429504258
337 0.23159024225791489 0.7684097577420852 1 1 0.8526847002479896
338 0.994140483069281 0.005859516930719062 0 0 0.8522834582167327
339 0.8208395969253944 0.17916040307460543 0 0 0.8518824167563444
340 0.8551290997007854 0.14487090029921498 0 0 0.8514815757665646
341 0.938696338829994 0.061303661170005755 0 0 0.8510809351471827
342 0.9621082435613342 0.037891756438665505 0 0 0.8506804947980389
343 0.8815249028826747 0.1184750971173255 0 0 0.850280254619023
344 0.18375630143847976 0.8162436985615206 1 1 0.8498802145100749
345 0.969222300001496 0.0307776999985038 0 0 0.8494803743711846
346 0.8867589128922282 0.11324108710777202 0 0 0.849080734102392
347 0.99517672545584 0.004823274544160482 0 0 0.8486812936037871
348 0.17540165351091394 0.7867377333570863 1 1 0.8482820527755098
349 0.16090575172910135 0.8390942482708986 1 0 0.8478830115177499
350 0.8184438416767095 0.1815561583232906 0 0 0.847484169730747
351 0.402924623255707 0.5970753767442932 1 0 0.8470855273147906
352 0.9419367656350367 0.05806323436496317 0 0 0.8466870841702203
353 0.44363064391310225 0.5563693560868976 1 0 0.8462888401974251
354 0.9952172264197282 0.004782773580271606 0 0 0.8458907952968442
355 0.4795254351784317 0.5204745648215681 1 0 0.8454929493689662
356 0.16921716272196619 0.8307828372780343 1 0 0.8450953023143297
357 0.9954292925633389 0.004570707436661213 0 0 0.8446978540335229
358 0.06936933816310058 0.893215970450872 1 1 0.8443006044271837
359 0.5185844017047285 0.4814155982952715 0 1 0.8439035533959999
360 0.7355369762957881 0.2644630237042121 0 0 0.8435067008407084
361 0.8257364153041845 0.1742635846958154 0 0 0.8431100466620963
362 0.9968535728330712 0.0031464271669293044 0 0 0.842713590761
363 0.9963662795258988 0.0036337204741006585 0 0 0.8423173330383056
364 0.09334640472890297 0.9066535952710969 1 1 0.8419212733949486
365 0.4358900233454851 0.5641099766545152 1 0 0.841525411731914
366 0.23559825977314358 0.7644017402268567 1 1 0.8411297479502364
367 0.6088991950068258 0.3911008049931746 0 0 0.840734281951
368 0.993557118329278 0.006442881670722206 0 0 0.8403390136353381
369 0.9977644483040509 0.0022355516959490936 0 0 0.8399439429044339
370 0.997802686419302 0.0021973135806977106 0 0 0.8395490696595194
371 0.9977325274372577 0.0022674725627424702 0 0 0.8391543938018764
372 0.20201471655239886 0.7979852834476013 1 0 0.838759915232836
373 0.5815658347112208 0.41843416528877936 0 0 0.8383656338537786
374 0.39861506548052866 0.6013849345194712 1 1 0.8379715495661337
375 0.997118191792115 0.00288180820788474 0 0 0.8375776622713803
376 0.9978638992014857 0.0021361007985142393 0 0 0.8371839718710465
377 0.9800443566485894 0.019955643351410618 0 0 0.8367904782667099
378 0.44379087620520674 0.5562091237947934 1 0 0.836397181359997
379 0.37581529579260825 0.6241847042073915 1 1 0.8360040810525834
380 0.4083044825106644 0.5916955174893352 1 0 0.8356111772461942
381 0.07021684092599392 0.9297831590740061 1 1 0.8352184698426034
382 0.8741812236650646 0.12581877633493552 0 0 0.8348259587436342
383 0.7132587869496411 0.2867412130503594 0 0 0.8344336438511587
384 0.9425409354935309 0.057459064506469176 0 0 0.8340415250670983
385 0.4700945203647116 0.5299054796352883 1 0 0.8336496022934232
386 0.6518235669585785 0.34817643304142165 0 0 0.8332578754321528
387 0.9860710894958572 0.013928910504142314 0 0 0.8328663443853553
388 0.31832461731248096 0.6816753826875194 1 0 0.832475009055148
389 0.40995337981432983 0.5900466201856703 1 0 0.8320838693436969
390 0.1695221407199959 0.8304778592800038 1 1 0.8316929251532175
391 0.9882749462337378 0.011725053766262362 0 0 0.8313021763859733
392 0.9958630896619728 0.004136910338026658 0 0 0.8309116229442772
393 0.9165782352777934 0.08342176472220651 0 0 0.830521264730491
394 0.3152721106075483 0.6660343284145663 1 1 0.8301311016470251
395 0.46658656992157654 0.5334134300784233 1 0 0.8297411335963385
396 0.2757243186779993 0.7242756813220007 1 0 0.8293513604809395
397 0.2319844778056767 0.7680155221943235 1 0 0.8289617822033846
398 0.9951975959295846 0.004802404070415589 0 0 0.8285723986662793
399 0.5228758740329508 0.47712412596704923 0 0 0.8281832097722779
400 0.9955315713673157 0.004468428632684472 0 0 0.8277942154240827
401 0.7683628026327576 0.23163719736724314 0 0 0.8274054155244457
402 0.171861426468058 0.8281385735319423 1 0 0.8270168099761664
403 0.9873081065317448 0.012691893468255284 0 0 0.8266283986820938
404 0.19313537554712026 0.8068646244528797 1 0 0.8262401815451248
405 0.08607656419565209 0.9139234358043477 1 0 0.8258521584682053
406 0.7711369514514144 0.22886304854858586 0 0 0.8254643293543295
407 0.4879961507512088 0.493748290828486 1 0 0.8250766941065399
408 0.3388451670500158 0.6611548329499841 1 0 0.824689252627928
409 0.40029844893811795 0.5997015510618825 1 0 0.8243020048216333
410 0.6528955767531571 0.3471044232468428 0 0 0.8239149505908439
411 0.9775762763182869 0.02242372368171321 0 0 0.823528089838796
412 0.9894162805034804 0.010583719496519525 0 0 0.8231414224687746
413 0.36487500143193713 0.635124998568063 1 1 0.822754948384113
414 0.5185117431071993 0.4814882568928004 0 1 0.8223686674881925
415 0.7906098115810182 0.2093901884189817 0 0 0.8219825796844428
416 0.4146710959137445 0.5853289040862554 1 1 0.821596684876342
417 0.42197573472601685 0.5780242652739833 1 0 0.8212109829674166
418 0.1838448619179018 0.8161551380820983 1 0 0.8208254738612408
419 0.37147486962023835 0.6285251303797618 1 0 0.8204401574614376
420 0.16469044724235596 0.8353095527576443 1 1 0.8200550336716778
421 0.9951401841875822 0.004859815812417759 0 0 0.8196701023956803
422 0.7425322847558181 0.2389755798476899 0 0 0.8192853635372125
423 0.7173855060083757 0.24671673966796498 0 0 0.8189008170000895
424 0.9297275384826227 0.07027246151737698 0 0 0.8185164626881748
425 0.984024274949881 0.015975725050119023 0 0 0.8181323005053798
426 0.18765696606813528 0.7944215964626364 1 1 0.817748330355664
427 0.9964447728545166 0.0035552271454831193 0 0 0.8173645521430347
428 0.6050712225820084 0.3949287774179913 0 0 0.8169809657715474
429 0.9952350689912417 0.004764931008758551 0 0 0.8165975711453055
430 0.49476163215038327 0.4697199301352453 0 0 0.8162143681684605
431 0.9413840721947401 0.02299112915619324 0 0 0.8158313567452115
432 0.3177143072883399 0.6822856927116604 1 0 0.8154485367798057
433 0.11849860346732383 0.8641141258511782 1 1 0.8150659081765381
434 0.13346908377421718 0.8665309162257828 1 1 0.8146834708397515
435 0.3996887221967192 0.6003112778032809 1 0 0.8143012246738365
436 0.5221716696759207 0.4778283303240795 0 0 0.8139191695832316
437 0.2146704122350109 0.7853295877649893 1 1 0.8135373054724233
438 0.07212898676244175 0.9103235134443285 1 1 0.8131556322459452
439 0.2102861806728825 0.7897138193271175 1 1 0.8127741498083791
440 0.1668588498409414 0.7976823907498901 1 0 0.8123928580643546
441 0.14615897531628833 0.8181276458645855 1 0 0.8120117569185484
442 0.9183977224831303 0.08160227751686963 0 0 0.8116308462756855
443 0.3895935495495647 0.6104064504504354 1 0 0.8112501260405381
444 0.30007975523108865 0.6814887875241686 1 0 0.8108695961179262
445 0.28225438023942734 0.7177456197605733 1 1 0.8104892564127174
446 0.12232622881134812 0.859315764956773 1 1 0.8101091068298264
447 0.9782919918248985 0.0033446105873512332 0 0 0.8097291472742162
448 0.0820235038284693 0.9179764961715307 1 1 0.8093493776508969
449 0.9955384975023878 0.0044615024976120896 0 0 0.8089697978649257
450 0.34627165711105196 0.6179819130553168 1 0 0.8085904078214082
451 0.44218405398099064 0.5394752773631948 1 0 0.8082112074254965
452 0.48788688170974065 0.5121131182902596 1 1 0.8078321965823906
453 0.932274107423699 0.06772589257630075 0 0 0.8074533751973377
454 0.44736592275954423 0.5526340772404554 1 0 0.8070747431756327
455 0.20606322766946847 0.7939367723305316 1 1 0.8066963004226173
456 0.9785944814825543 0.0032168521848491816 0 0 0.8063180468436811
457 0.5655619433777253 0.43443805662227547 0 0 0.8059399823442605
458 0.38103155127741783 0.6012289646443335 1 0 0.8055621068298392
459 0.5234547116414409 0.47654528835855925 0 0 0.8051844202059488
460 0.4974982493774425 0.5025017506225576 1 0 0.8048069223781673
461 0.5143231965496499 0.48567680345035025 0 0 0.8044296132521204
462 0.8944834385647927 0.10551656143520717 0 0 0.8040524927334806
463 0.25893189802475564 0.7410681019752444 1 0 0.803675560727968
464 0.24359706812083873 0.7564029318791615 1 0 0.8032988171413495
465 0.23203778892748367 0.7679622110725165 1 0 0.8029222618794393
466 0.5312422366175007 0.4687577633824992 0 0 0.8025458948480984
467 0.7209658080306944 0.27903419196930596 0 0 0.802169715953235
468 0.8787412541588565 0.08616289563598896 0 0 0.8017937251008047
469 0.3706759123042136 0.6293240876957863 1 0 0.8014179221968095
470 0.9876460320260436 0.012353967973956116 0 0 0.8010423071472988
471 0.7377942676023522 0.262205732397648 0 0 0.8006668798583688
472 0.17285350916794992 0.8271464908320506 1 0 0.8002916402361626
473 0.4077638378408116 0.5555693971129168 1 1 0.7999165881868704
474 0.9944348010710552 0.005565198928945108 0 0 0.7995417236167291
475 0.9965821996667201 0.0034178003332802215 0 0 0.7991670464320229
476 0.23013955216036025 0.7512394165557923 1 0 0.7987925565390819
477 0.6959024007587781 0.2677119575881719 0 0 0.7984182538442841
478 0.2723197708598045 0.6929196949682824 1 0 0.7980441382540535
479 0.7866980896571188 0.21330191034288162 0 0 0.7976702096748615
480 0.9435503833655994 0.05644961663440081 0 0 0.7972964680132258
481 0.2174586112618253 0.7825413887381749 1 1 0.7969229131757108
482 0.40955918240769074 0.5542089027925211 1 0 0.7965495450689283
483 0.20978010554988885 0.7902198944501112 1 0 0.7961763635995357
484 0.9832184081497053 0.01678159185029486 0 0 0.7958033686742381
485 0.09227344286894934 0.9077265571310508 1 0 0.7954305601997864
486 0.5985667015452013 0.4014332984547991 0 0 0.7950579380829786
487 0.26659718378804254 0.7334028162119576 1 0 0.7946855022306593
488 0.5152706010085509 0.48472939899144935 0 0 0.7943132525497194
489 0.973738494436319 0.026261505563680673 0 0 0.7939411889470965
490 0.20366658826883519 0.7963334117311651 1 0 0.7935693113297747
491 0.20478215700889663 0.7952178429911038 1 0 0.7931976196047847
492 0.21048336494836128 0.7895166350516388 1 1 0.7928261136792034
493 0.9409687082834846 0.059031291716515506 0 0 0.7924547934601545
494 0.981476015931002 0.018523984068997697 0 0 0.7920836588548077
495 0.9815673925774595 0.018432607422540125 0 0 0.7917127097703794
496 0.4244008414700593 0.5755991585299407 1 0 0.7913419461141326
497 0.9495190471648592 0.05048095283514071 0 0 0.7909713677933762
498 0.97308855440866 0.026911445591339872 0 0 0.7906009747154654
499 0.19541328555979978 0.8045867144402 1 0 0.7902307667878021
500 0.7449462685194402 0.25505373148055976 0 0 0.7898607439178347
501 0.21046061649009648 0.7895393835099037 1 1 0.7894909060130568
502 0.2620285728590719 0.7379714271409283 1 0 0.7891212529810094
503 0.9827885384773236 0.01721146152267624 0 0 0.7887517847292792
504 0.5510088880599845 0.4489911119400156 0 0 0.7883825011654988
505 0.9672319923182406 0.032768007681759324 0 0 0.7880134021973477
506 0.9742535049456779 0.025746495054322284 0 0 0.7876444877325509
507 0.2959397854927748 0.7040602145072253 1 0 0.7872757576788799
508 0.514249517605709 0.4857504823942912 0 0 0.7869072119441523
509 0.33896399813208516 0.661036001867915 1 0 0.7865388504362313
510 0.9646580536495895 0.03534194635041054 0 0 0.7861706730630269
511 0.2714713868674028 0.7285286131325973 1 1 0.7858026797324945
512 0.8462407964282006 0.15375920357179934 0 0 0.7854348703526359
513 0.3283511203250871 0.6716488796749128 1 1 0.7850672448314988
514 0.1282644236899929 0.8717355763100075 1 1 0.7846998030771766
515 0.9565440003461756 0.043455999653824705 0 0 0.784332544997809
516 0.19602275400497737 0.8039772459950225 1 0 0.7839654705015816
517 0.766469908794542 0.23353009120545798 0 0 0.7835985794967256
518 0.4039772425183981 0.596022757481602 1 0 0.7832318718915182
519 0.95094283489004 0.049057165109960076 0 0 0.7828653475942827
520 0.776037759971864 0.22396224002813606 0 1 0.782499006513388
521 0.43915474593265447 0.5608452540673455 1 0 0.7821328485572486
522 0.5905622691761413 0.3913242743507938 0 0 0.7817668736343252
523 0.972137788992035 0.02786221100796511 0 0 0.7814010816531239
524 0.5093370524701507 0.49066294752984885 0 0 0.7810354725221971
525 0.14785071825629018 0.8521492817437097 1 0 0.780670046150142
526 0.2742391392257499 0.6894503446142051 1 1 0.7803048024456023
527 0.31813425462780104 0.6818657453721991 1 1 0.7799397413172671
528 0.7136108709446882 0.2684827842220444 0 0 0.7795748626738708
529 0.9607912099373479 0.039208790062651995 0 0 0.7792101664241943
530 0.9459211975881228 0.03615477104100849 0 0 0.7788456524770629
531 0.6806875195025132 0.30155867574947354 0 0 0.7784813207413486
532 0.6334744034732794 0.3308205599105513 0 0 0.7781171711259682
533 0.955895401533171 0.044104598466829195 0 0 0.7777532035398844
534 0.9297477922580143 0.07025220774198579 0 0 0.7773894178921053
535 0.2112492394237407 0.7887507605762595 1 0 0.7770258140916845
536 0.9364661379690358 0.06353386203096413 0 0 0.7766623920477208
537 0.43206331567914374 0.5679366843208563 1 0 0.776299151669359
538 0.2652569059732715 0.7347430940267283 1 0 0.775936092865789
539 0.9448050501876419 0.05519494981235769 0 0 0.7755732155462459
540 0.23511808732597947 0.7468953671761824 1 0 0.7752105196200105
541 0.9316874791000289 0.050191170603225074 0 0 0.7748480049964088
542 0.4114688452382495 0.5704082741234104 1 0 0.7744856715848121
543 0.9057955969563717 0.07563167625064368 0 0 0.7741235192946371
544 0.9501945273908181 0.04980547260918208 0 0 0.7737615480353457
545 0.5541661076797028 0.4458338923202975 0 0 0.773399757716445
546 0.5468677098143914 0.4531322901856091 0 1 0.7730381482474876
547 0.5900318123760194 0.4099681876239805 0 0 0.7726767195380709
548 0.28450360094877364 0.6789764410377848 1 1 0.772315471497838
549 0.6855390775716951 0.27816358381781603 0 0 0.7719544040364766
550 0.23579661331061755 0.7278121328878618 1 1 0.77159351706372
551 0.11750608004189599 0.8824939199581042 1 1 0.7712328104893466
552 0.9649697617729638 0.03503023822703634 0 0 0.7708722842231793
553 0.6855571429536816 0.2963836200674757 0 0 0.770511938175087
554 0.4025546718728616 0.5433665540712294 1 0 0.7701517722549829
555 0.23018330352721553 0.7336494182605695 1 0 0.7697917863728256
556 0.9306953883572717 0.051030279392155695 0 0 0.7694319804386187
557 0.9350857468851616 0.047000399790078966 0 0 0.7690723543624107
558 0.764734099316995 0.23526590068300499 0 0 0.768712908054295
559 0.3542470568140374 0.61018669862219 1 0 0.76835364142441
560 0.4046254660178593 0.5953745339821405 1 0 0.7679945543829392
561 0.46159781928365273 0.5384021807163476 1 0 0.7676356468401107
562 0.28295538505915196 0.6428879764006605 1 0 0.7672769187061976
563 0.483509181602958 0.516490818397042 1 0 0.7669183698915178
564 0.9511807909061359 0.048819209093863794 0 0 0.7665600003064346
565 0.9283475373758556 0.07165246262414433 0 0 0.7662018098613548
566 0.94805667066106 0.05194332933894008 0 0 0.7658437984667313
567 0.9531750043164525 0.04682499568354791 0 0 0.7654859660330613
568 0.9424093464287144 0.057590653571285844 0 0 0.7651283124708864
569 0.28951297995440267 0.6730863166549151 1 0 0.7647708376907933
570 0.9490700849898511 0.050929915010148694 0 0 0.7644135416034135
571 0.5869936997030323 0.41300630029696767 0 0 0.7640564241194228
572 0.9699282152102265 0.0300717847897736 0 0 0.7636994851495418
573 0.9534656785311316 0.04653432146886859 0 0 0.7633427246045357
574 0.2539859490836541 0.7460140509163454 1 1 0.7629861423952146
575 0.953508129138031 0.046491870861969285 0 0 0.7626297384324328
576 0.1497382103402222 0.8502617896597777 1 1 0.7622735126270892
577 0.9143915724960475 0.08560842750395257 0 0 0.7619174648901277
578 0.9540191687623749 0.028272266464064374 0 0 0.7615615951325359
579 0.18572793122218628 0.8142720687778137 1 1 0.7612059032653468
580 0.8732678471190496 0.09126038410540761 0 0 0.760850389199637
581 0.1199446490265158 0.8267467112175073 1 0 0.7604950528465283
582 0.9601059805110702 0.039894019488930635 0 0 0.7601398941171865
583 0.8801546544064381 0.10194155068348165 0 0 0.7597849129228219
584 0.6179850354182078 0.36406532672385794 0 0 0.7594301091746893
585 0.37412204594988724 0.6258779540501129 1 1 0.7590754827840877
586 0.369492525344087 0.6132775334606068 1 0 0.7587210336623604
587 0.9031425926822086 0.09685740731779194 0 0 0.7583667617208953
588 0.985404759189274 0.014595240810726202 0 0 0.7580126668711242
589 0.9854388218557701 0.014561178144230122 0 0 0.7576587490245236
590 0.22515108696170982 0.7394365190763776 1 0 0.7573050080926139
591 0.6503803514070746 0.3321085058898227 0 0 0.75695144398696
592 0.7295151342315764 0.2704848657684235 0 0 0.7565980566191707
593 0.9805954986098241 0.019404501390175983 0 0 0.7562448459008991
594 0.9757400363025409 0.024259963697459322 0 0 0.7558918117438429
595 0.9761967029954067 0.023803297004594114 0 0 0.7555389540597433
596 0.9561425207884323 0.043857479211567484 0 0 0.7551862727603856
597 0.5141542783591476 0.48584572164085266 0 0 0.7548337677576
598 0.8170936296876251 0.18290637031237492 0 0 0.75448143896326
599 0.9324965831379661 0.04984197671026021 0 0 0.7541292862892833
600 0.9564254799788812 0.043574520021118876 0 0 0.753777309647632
601 0.8217800147728455 0.1603472872962406 0 0 0.7534255089503117
602 0.7576946521290141 0.22443902424245968 0 0 0.7530738841093723
603 0.37078978426290576 0.6109689999290011 1 0 0.7527224350369075
604 0.6942932239273761 0.30570677607262453 0 0 0.7523711616450554
605 0.4722372485291089 0.5277627514708909 1 0 0.7520200638459971
606 0.7851329440060627 0.21486705599393727 0 0 0.7516691415519585
607 0.5791415618002274 0.42085843819977264 0 0 0.7513183946752089
608 0.29684080725566625 0.7031591927443334 1 0 0.7509678231280615
609 0.27978570822187376 0.720214291778126 1 0 0.7506174268228738
610 0.3979132897782474 0.6020867102217526 1 0 0.7502672056720464
611 0.4467375413335569 0.5532624586664431 1 1 0.749917159588024
612 0.9680066596746395 0.03199334032536053 0 0 0.7495672884832951
613 0.9672619871405415 0.032738012859458494 0 0 0.7492175922703921
614 0.9250000874904506 0.07499991250954967 0 0 0.7488680708618907
615 0.4992026350925916 0.48175544745779897 0 0 0.7485187241704107
616 0.34709541287915446 0.6529045871208456 1 1 0.7481695521086154
617 0.9823476183898202 0.017652381610179537 0 0 0.7478205545892116
618 0.32626599876680146 0.6737340012331985 1 0 0.7474717315249502
619 0.8934372573641491 0.10656274263585078 0 0 0.7471230828286254
620 0.16226765557097406 0.8184963570736216 1 1 0.7467746084130747
621 0.41686775907242385 0.565916516142264 1 1 0.7464263081911799
622 0.3565370009883565 0.6263822247726261 1 0 0.7460781820758658
623 0.3073934737473421 0.6754104092332442 1 0 0.7457302299801009
624 0.594790414566135 0.3878897311783728 0 0 0.745382451816897
625 0.9727904751798296 0.0272095248201702 0 0 0.7450348474993097
626 0.3570426495312718 0.6261866070269961 1 0 0.7446874169404379
627 0.9830983890459689 0.01690161095403098 0 0 0.744340160053424
628 0.6021380238284268 0.39786197617157365 0 0 0.7439930767514537
629 0.5979840060355402 0.385069196262029 0 0 0.7436461669477562
630 0.42176034393553913 0.5782396560644611 1 0 0.743299430555604
631 0.36326399110306484 0.6367360088969355 1 0 0.742952867488313
632 0.9087994461679837 0.09120055383201604 0 0 0.7426064776592426
633 0.9043715957284372 0.0956284042715631 0 0 0.7422602609817952
634 0.9819955332927086 0.018004466707291892 0 0 0.7419142173694167
635 0.7345552655277389 0.24702710744705195 0 0 0.741568346735596
636 0.3213338171577447 0.6786661828422552 1 0 0.7412226489938657
637 0.9836379055267215 0.016362094473278868 0 0 0.7408771240578012
638 0.6411159339053899 0.35888406609460993 0 0 0.7405317718410214
639 0.9373378073665729 0.06266219263342752 0 0 0.740186592257188
640 0.960524806604047 0.03947519339595318 0 0 0.7398415852200064
641 0.4345661621446988 0.5654338378553015 1 0 0.7394967506432246
642 0.3441754959248274 0.6373272322040735 1 1 0.7391520884406341
643 0.700389725161691 0.28096923048670774 0 0 0.7388075985260694
644 0.5979488128690847 0.3834070843095217 0 0 0.7384632808134077
645 0.3328119403282636 0.6485149215655012 1 0 0.7381191352165699
646 0.9831677685916567 0.016832231408342866 0 0 0.7377751616495195
647 0.6335840856740681 0.3476563063673769 0 0 0.7374313600262631
648 0.7381380618687176 0.26186193813128245 0 0 0.7370877302608503
649 0.5594626703564516 0.4405373296435484 0 0 0.7367442722673737
650 0.34255561663366807 0.657444383366332 1 0 0.7364009859599686
651 0.9135522079947678 0.08644779200523238 0 0 0.7360578712528136
652 0.8985552907797184 0.10144470922028226 0 0 0.7357149280601301
653 0.9685608307199518 0.031439169280047884 0 0 0.735372156296182
654 0.9523307066415874 0.04766929335841264 0 0 0.7350295558752767
655 0.9306640947350906 0.069335905264909 0 0 0.7346871267117638
656 0.9704279253214183 0.029572074678581348 0 0 0.7343448687200363
657 0.65319628006345 0.34680371993655 0 0 0.7340027818145295
658 0.30215835924862716 0.6978416407513731 1 0 0.7336608659097217
659 0.3565345864998389 0.6434654135001615 1 0 0.7333191209201338
660 0.9758998809387092 0.02410011906129063 0 0 0.7329775467603299
661 0.42759104973921763 0.5724089502607824 1 0 0.7326361433449161
662 0.9730509020809578 0.026949097919042077 0 0 0.7322949105885418
663 0.9760192536428229 0.023980746357177507 0 0 0.7319538484058986
664 0.3698071561290524 0.6121787678564564 1 0 0.7316129567117211
665 0.9753091897041001 0.024690810295900343 0 0 0.7312722354207863
666 0.3309289651410296 0.6690710348589702 1 0 0.730931684447914
667 0.8997222816624413 0.1002777183375581 0 0 0.7305913037079662
668 0.6314839808386594 0.35069823162471503 0 0 0.7302510931158481
669 0.9761217105889786 0.02387828941102154 0 0 0.7299110525865067
670 0.5673636607870393 0.43263633921296096 0 0 0.7295711820349319
671 0.9170734091448257 0.08292659085517441 0 0 0.7292314813761562
672 0.4870719110502179 0.44318907214083875 0 1 0.7288919505252545
673 0.6185537146794752 0.38144628532052477 0 0 0.7285525893973438
674 0.7144071748932338 0.2679313496494142 0 0 0.728213397907584
675 0.4107682705725762 0.5892317294274235 1 0 0.7278743759711773
676 0.965836045061611 0.03416395493838913 0 0 0.7275355235033681
677 0.9763815099282314 0.023618490071768864 0 0 0.7271968404194433
678 0.97514398504619 0.024856014953810266 0 0 0.7268583266347322
679 0.47043902334189125 0.4937879672582146 1 0 0.7265199820646062
680 0.9644272675471742 0.035572732452826133 0 0 0.7261818066244792
681 0.9255098631501819 0.07449013684981821 0 0 0.7258438002298074
682 0.43675002054688455 0.5632499794531153 1 0 0.7255059627960893
683 0.976604398478178 0.023395601521821737 0 0 0.7251682942388652
684 0.7325733845751295 0.2674266154248704 0 0 0.7248307944737185
685 0.6757938275662277 0.28890057871461494 0 0 0.7244934634162736
686 0.5081385795883271 0.4918614204116731 0 1 0.7241563009821983
687 0.45590399781956237 0.524913283762389 1 1 0.7238193070872015
688 0.9917583343297012 0.00824166567029916 0 0 0.7234824816470352
689 0.4653717161399977 0.5346282838600023 1 1 0.7231458245774928
690 0.9929638183842339 0.007036181615766168 0 0 0.72280933579441
691 0.8733515831367152 0.1266484168632846 0 0 0.7224730152136646
692 0.9941018609046696 0.005898139095330545 0 0 0.7221368627511766
693 0.9765602807651405 0.0064582594576568725 0 0 0.7218008783229077
694 0.9939507809833604 0.006049219016639644 0 0 0.721465061844862
695 0.9741717698447132 0.025828230155286888 0 0 0.7211294132330852
696 0.6967042149674963 0.26666878213666484 0 0 0.7207939324036652
697 0.19460296230832017 0.80539703769168 1 1 0.7204586192727317
698 0.3308165300363854 0.6691834699636146 1 0 0.7201234737564566
699 0.925099524579553 0.07490047542044721 0 0 0.7197884957710535
700 0.9720016056476813 0.027998394352318864 0 0 0.7194536852327778
701 0.9680397905276477 0.0319602094723526 0 0 0.7191190420579268
702 0.9802226502545005 0.01977734974549952 0 0 0.7187845661628398
703 0.30863754457881776 0.6734541020539169 1 0 0.7184502574638979
704 0.2945137627614821 0.6687897385486555 1 1 0.7181161158775239
705 0.9914962924996962 0.008503707500303562 0 0 0.7177821413201823
706 0.39505022806632906 0.5879290846631462 1 1 0.7174483337083795
707 0.11991962097479963 0.8800803790252005 1 0 0.7171146929586635
708 0.9944074370725017 0.005592562927498209 0 0 0.7167812189876244
709 0.14741167216254852 0.817159847064867 1 1 0.7164479117118934
710 0.21376693992621904 0.7688567695377092 1 0 0.7161147710481438
711 0.37311455625993206 0.5907372113727034 1 1 0.7157817969130904
712 0.950038645091487 0.04996135490851295 0 0 0.7154489892234898
713 0.736098434177867 0.26390156582213287 0 0 0.7151163478961399
714 0.9947544180666077 0.0052455819333923955 0 0 0.7147838728478805
715 0.15221642821232215 0.8477835717876779 1 1 0.7144515639955927
716 0.994821422510547 0.005178577489452957 0 0 0.7141194212561994
717 0.9591657658673282 0.040834234132671676 0 0 0.7137874445466649
718 0.5259612309974026 0.4740387690025973 0 0 0.7134556337839949
719 0.9944070304215764 0.005592969578423733 0 0 0.7131239888852369
720 0.9916477913070985 0.008352208692901883 0 0 0.7127925097674795
721 0.3104494735049814 0.6538829341605149 1 0 0.7124611963478531
722 0.9864982919171197 0.013501708082880566 0 0 0.7121300485435291
723 0.9866642921346085 0.013335707865391195 0 0 0.7117990662717207
724 0.808197744141075 0.19180225585892513 0 0 0.7114682494496825
725 0.4646435570764159 0.51784707055015 1 0 0.7111375979947099
726 0.986166509081626 0.013833490918373445 0 0 0.7108071118241404
727 0.8843330918351098 0.08056182274966017 0 0 0.7104767908553521
728 0.27732443886192676 0.6878619379439067 1 1 0.7101466350057651
729 0.5757514303292732 0.4070375914723937 0 0 0.7098166441928402
730 0.9868656599188741 0.01313434008112628 0 0 0.70948681833408
731 0.12221979301156687 0.8601715636667471 1 1 0.7091571573470277
732 0.9952170608232549 0.004782939176745325 0 0 0.7088276611492681
733 0.9269503212696204 0.038550310020541795 0 0 0.7084983296584272
734 0.277810641766926 0.7046521965630886 1 1 0.7081691627921721
735 0.7170970071751966 0.2829029928248033 0 0 0.7078401604682113
736 0.9953165306120709 0.004683469387928743 0 0 0.7075113226042938
737 0.5753365807358364 0.42466341926416373 0 1 0.7071826491182106
738 0.40767903945633027 0.5923209605436699 1 0 0.7068541399277931
739 0.9948484405414832 0.005151559458516917 0 0 0.7065257949509139
740 0.27953011058117094 0.7204698894188292 1 1 0.706197614105487
741 0.7669057764835084 0.2330942235164916 0 0 0.7058695973094669
742 0.5400291924965623 0.459970807503438 0 0 0.7055417444808496
743 0.7929302797869295 0.2070697202130709 0 1 0.7052140555376718
744 0.15719811589565977 0.825063450021244 1 1 0.7048865303980113
745 0.9930345943938594 0.006965405606140031 0 0 0.7045591689799868
746 0.5282707206983744 0.47172927930162584 0 0 0.704231971201758
747 0.7308382636524509 0.25103318859199086 0 0 0.7039049369815255
748 0.5300450771283295 0.46995492287167023 0 0 0.7035780662375305
749 0.7969353433739229 0.2030646566260773 0 0 0.7032513588880555
750 0.6903172236116938 0.3096827763883066 0 0 0.7029248148514237
751 0.9756064568427886 0.024393543157211137 0 0 0.7025984340459989
752 0.5672600750444686 0.3980821244803867 0 0 0.702272216390186
753 0.9155815200434143 0.08441847995658609 0 0 0.7019461618024306
754 0.3831271421046391 0.616872857895361 1 1 0.7016202702012192
755 0.9942147576697868 0.0057852423302129875 0 0 0.7012945415050786
756 0.5361190385627241 0.4638809614372761 0 0 0.7009689756325769
757 0.9873054301483797 0.012694569851620879 0 0 0.7006435725023222
758 0.3549036695357749 0.6450963304642252 1 0 0.7003183320329643
759 0.772453351559201 0.21056498257455322 0 0 0.6999932541431928
760 0.8775522430151113 0.12244775698488876 0 0 0.6996683387517381
761 0.19502989739750135 0.7693711439861696 1 0 0.6993435857773715
762 0.3338459319667484 0.6661540680332514 1 0 0.6990189951389048
763 0.9635019665798139 0.03649803342018573 0 0 0.6986945667551901
764 0.32587093156820796 0.6741290684317917 1 0 0.6983703005451206
765 0.45998054922766757 0.5400194507723326 1 0 0.6980461964276296
766 0.7357355490907208 0.2642644509092792 0 0 0.697722254321691
767 0.9873846135260396 0.012615386473960686 0 0 0.6973984741463195
768 0.3679185021929749 0.6320814978070253 1 1 0.6970748558205697
769 0.7700356497843175 0.22996435021568265 0 0 0.6967513992635375
770 0.9826563875183377 0.0173436124816622 0 0 0.6964281043943583
771 0.8372720130549641 0.16272798694503576 0 0 0.6961049711322086
772 0.508798493910355 0.491201506089645 0 0 0.695781999396305
773 0.9250043368974977 0.07499566310250255 0 0 0.6954591891059047
774 0.5848746295452706 0.4151253704547299 0 1 0.6951365401803049
775 0.9042337032095774 0.09576629679042245 0 0 0.6948140525388437
776 0.19580030862125605 0.7502169805645368 1 1 0.6944917261008988
777 0.46539523673219785 0.517553476275585 1 0 0.6941695607858889
778 0.47171832317860896 0.5101406397113958 1 1 0.6938475565132726
779 0.8466029572748736 0.15339704272512641 0 0 0.6935257132025486
780 0.9264368977896228 0.05545345176343275 0 0 0.6932040307732564
781 0.991140197640467 0.008859802359532742 0 0 0.6928825091449753
782 0.9781291556422517 0.004124672303884895 0 0 0.6925611482373247
783 0.34983774376858684 0.6329035614299477 1 0 0.6922399479699646
784 0.11796278197337817 0.828421777137131 1 1 0.6919189082625947
785 0.24132343516069912 0.7239722462487947 1 0 0.6915980290349553
786 0.6747829350068609 0.30773278393683334 0 0 0.6912773102068266
787 0.9593973436735107 0.040602656326489614 0 0 0.6909567516980287
788 0.7530754453940971 0.22944012438474085 0 0 0.690636353428422
789 0.7056794417319937 0.2943205582680064 0 1 0.690316115317907
790 0.9877923236119127 0.012207676388087176 0 0 0.6899960372864243
791 0.1566897451235535 0.8433102548764461 1 1 0.6896761192539541
792 0.30562085770310937 0.6943791422968905 1 0 0.6893563611405171
793 0.3656191308788836 0.6343808691211164 1 0 0.6890367628661737
794 0.1324880905594626 0.8675119094405372 1 1 0.6887173243510244
795 0.9952086093150212 0.004791390684978638 0 0 0.6883980455152096
796 0.9201907531488036 0.07980924685119575 0 0 0.6880789262789093
797 0.9553485450748548 0.044651454925145315 0 0 0.687759966562344
798 0.5995971320344764 0.4004028679655233 0 0 0.6874411662857736
799 0.7245300635349124 0.2754699364650877 0 0 0.6871225253694981
800 0.950789155820172 0.04921084417982749 0 0 0.6868040437338574
801 0.8964232769443466 0.10357672305565296 0 0 0.6864857212992308
802 0.9488533986250991 0.05114660137490113 0 0 0.6861675579860379
803 0.44956884883309356 0.5504311511669059 1 0 0.6858495537147378
804 0.9180076860394197 0.08199231396057999 0 0 0.6855317084058294
805 0.9047496767799407 0.09525032322005908 0 0 0.6852140219798515
806 0.18904601231618018 0.81095398768382 1 1 0.6848964943573823
807 0.9648096674913148 0.03519033250868544 0 0 0.6845791254590401
808 0.5217396186427585 0.47826038135724175 0 0 0.6842619152054825
809 0.9735747294246913 0.026425270575308468 0 0 0.683944863517407
810 0.9089148173483939 0.09108518265160623 0 0 0.6836279703155507
811 0.20554569793621938 0.7944543020637801 1 0 0.6833112355206903
812 0.9882586546220338 0.01174134537796595 0 0 0.6829946590536421
813 0.2567514680588303 0.7432485319411697 1 0 0.6826782408352619
814 0.6624255869584768 0.32057394397197053 0 0 0.6823619807864452
815 0.959940256832077 0.04005974316792274 0 0 0.682045878828127
816 0.6118772717437825 0.38812272825621774 0 0 0.6817299348812819
817 0.9565807951935247 0.0434192048064758 0 0 0.6814141488669236
818 0.943792143821052 0.056207856178947864 0 0 0.6810985207061059
819 0.4699478653164584 0.5300521346835416 1 0 0.6807830503199217
820 0.8294643361437763 0.15238803802104425 0 0 0.6804677376295034
821 0.3317699095013468 0.6682300904986535 1 1 0.6801525825560227
822 0.19549202204333904 0.7179103757115003 1 0 0.679837585020691
823 0.18099226474790292 0.8007177184671533 1 1 0.6795227449447588
824 0.9854697458551344 0.014530254144865503 0 0 0.6792080622495161
825 0.9184005914836514 0.06345438817988765 0 0 0.6788935368562923
826 0.7886081983434886 0.19415149544899457 0 0 0.678579168686456
827 0.17810860779925558 0.8218913922007444 1 1 0.678264957661415
828 0.37602739354811965 0.6239726064518806 1 0 0.6779509037026168
829 0.836051304084046 0.1639486959159538 0 0 0.6776370067315478
830 0.9951510199449296 0.004848980055070963 0 0 0.6773232666697337
831 0.9604605057046998 0.004443854640603791 0 0 0.6770096834387397
832 0.8029676860468707 0.19703231395312953 0 0 0.6766962569601696
833 0.27544025760516666 0.7075060065782953 1 0 0.6763829871556671
834 0.9597498142265705 0.040250185773429946 0 0 0.6760698739469146
835 0.5255938846655462 0.474406115334454 0 0 0.675756917255634
836 0.44485217314992537 0.5551478268500745 1 0 0.6754441170035859
837 0.8516084819547245 0.130054201464031 0 0 0.6751314731125703
838 0.9884062082158508 0.011593791784149206 0 0 0.6748189855044261
839 0.9163081651266163 0.04860115283337026 0 0 0.6745066541010316
840 0.3742189504554614 0.6086991323387798 1 0 0.6741944788243039
841 0.931866551215126 0.06813344878487403 0 0 0.6738824595961992
842 0.16114431217328806 0.8388556878267122 1 0 0.6735705963387126
843 0.3347890463817356 0.6114796457174004 1 0 0.6732588889738784
844 0.5899495300486252 0.3925684051323211 0 0 0.6729473374237697
845 0.14611310652672513 0.8538868934732751 1 1 0.6726359416104986
846 0.5122603544171007 0.4703530918850259 0 0 0.6723247014562159
847 0.7921659578541406 0.1895125813555072 0 0 0.6720136168831121
848 0.3333852127717776 0.6482836838280636 1 1 0.6717026878134157
849 0.9969667108001358 0.0030332891998644026 0 0 0.6713919141693944
850 0.7668032225288889 0.2331967774711109 0 0 0.671081295873355
851 0.4829048367031067 0.4801736518392062 0 0 0.6707708328476427
852 0.9779124904787677 0.0032365767639646477 0 0 0.6704605250146418
853 0.49533804307797974 0.5046619569220202 1 1 0.6701503722967755
854 0.14392569739986355 0.8560743026001364 1 1 0.6698403746165054
855 0.9349323351902445 0.06506766480975544 0 0 0.6695305318963323
856 0.9968927236008969 0.0031072763991028284 0 0 0.6692208440587953
857 0.977910441174017 0.00454180372848977 0 0 0.6689113110264727
858 0.6788030919167473 0.3211969080832528 0 0 0.6686019327219809
859 0.7176895108865542 0.28231048911344586 0 0 0.6682927090679757
860 0.9688495218771742 0.014128909664660337 0 0 0.6679836399871507
861 0.46460520534973615 0.5353947946502644 1 0 0.6676747254022392
862 0.6321546638287253 0.36784533617127513 0 0 0.6673659652360121
863 0.3451032305793169 0.6548967694206835 1 0 0.6670573594112795
864 0.8252969023641145 0.14000358853530787 0 0 0.6667489078508901
865 0.4066613991509855 0.5933386008490148 1 0 0.6664406104777307
866 0.9890342164220901 0.010965783577909859 0 0 0.6661324672147273
867 0.9231818306026385 0.07681816939736172 0 0 0.6658244779848439
868 0.8759779960938323 0.12402200390616802 0 0 0.665516642711083
869 0.24346870413872024 0.7565312958612799 1 0 0.6652089613164862
870 0.4722148912307292 0.5277851087692709 1 0 0.6649014337241329
871 0.9159074145034662 0.08409258549653358 0 0 0.6645940598571412
872 0.15173874012640148 0.848261259873598 1 1 0.6642868396386676
873 0.4317747507021878 0.568225249297812 1 0 0.6639797729919072
874 0.9969702027182665 0.0030297972817336914 0 0 0.6636728598400933
875 0.3600953938149523 0.621640908929852 1 1 0.6633661001064974
876 0.46135424511113926 0.5386457548888609 1 0 0.6630594937144298
877 0.9665761188884656 0.033423881111534534 0 0 0.6627530405872389
878 0.9892432713391296 0.010756728660870548 0 0 0.6624467406483112
879 0.5481731102530183 0.4518268897469816 0 0 0.6621405938210719
880 0.9699892325179994 0.012463823502355155 0 0 0.6618346000289843
881 0.9700286823633947 0.029971317636605446 0 0 0.6615287591955499
882 0.6239331735320497 0.37606682646795075 0 0 0.6612230712443085
883 0.516337307637879 0.48366269236212095 0 0 0.660917536098838
884 0.6220310924373655 0.3779689075626345 0 0 0.6606121536827546
885 0.3351428885298587 0.6648571114701415 1 0 0.660306923919713
886 0.9591402445423026 0.04085975545769729 0 0 0.6600018467334055
887 0.8089750744421046 0.1910249255578952 0 0 0.6596969220475628
888 0.9919965772759035 0.008003422724096761 0 0 0.6593921497859538
889 0.41246402851173625 0.5875359714882631 1 0 0.6590875298723855
890 0.7028508985489677 0.29714910145103235 0 1 0.6587830622307028
891 0.9490445308546535 0.050955469145347175 0 0 0.6584787467847888
892 0.4393918494688709 0.5606081505311297 1 0 0.6581745834585647
893 0.9127550882125954 0.0690945180947889 0 0 0.6578705721759897
894 0.6631678596117716 0.3368321403882289 0 0 0.6575667128610608
895 0.5128627065722021 0.48713729342779793 0 0 0.6572630054378134
896 0.9059937438713364 0.09400625612866355 0 0 0.6569594498303204
897 0.9871337728759321 0.012866227124068109 0 0 0.6566560459626931
898 0.39017690106909236 0.609823098930908 1 1 0.6563527937590804
899 0.4045688221453141 0.5772694433311859 1 0 0.6560496931436693
900 0.9280199686836168 0.053709896608252414 0 0 0.6557467440406847
901 0.6840122014236207 0.297708450722747 0 0 0.6554439463743891
902 0.5032025602914798 0.4967974397085197 0 0 0.6551413000690834
903 0.8809460180156162 0.10077289011540647 0 0 0.6548388050491059
904 0.27966011585665573 0.7203398841433446 1 0 0.6545364612388327
905 0.7521721950217463 0.2293182282211847 0 0 0.6542342685626781
906 0.9364776948405998 0.04546720689507727 0 0 0.6539322269450936
907 0.43011296488370737 0.5698870351162927 1 0 0.653630336310569
908 0.6055425800356495 0.3764168106203428 0 0 0.6533285965836317
909 0.9792730349727866 0.02072696502721322 0 0 0.6530270076888467
910 0.37090035006240163 0.6290996499375984 1 1 0.6527255695508168
911 0.41795709247722596 0.5820429075227744 1 0 0.6524242820941824
912 0.6129668514615811 0.387033148538419 0 0 0.6521231452436216
913 0.16190086895251982 0.8380991310474806 1 0 0.6518221589238503
914 0.9346236054593087 0.06537639454069077 0 0 0.6515213230596218
915 0.38055020953800417 0.619449790461996 1 0 0.6512206375757272
916 0.3057891258823193 0.6942108741176809 1 1 0.6509201023969953
917 0.25737387232063424 0.7256884590396205 1 1 0.650619717448292
918 0.49168352430489726 0.4898665311988268 0 0 0.6503194826545211
919 0.522682353825363 0.47731764617463673 0 0 0.6500193979406241
920 0.9961928280036999 0.0038071719963004118 0 0 0.6497194632315797
921 0.3971860792570569 0.6028139207429429 1 0 0.6494196784524042
922 0.417103084473741 0.5828969155262591 1 1 0.6491200435281514
923 0.8861107852359413 0.06163633658347817 0 0 0.6488205583839127
924 0.66534486584142 0.2833708362187847 0 1 0.6485212229448166
925 0.9456622082487031 0.03648118542074855 0 0 0.6482220371360295
926 0.607485920817343 0.39251407918265663 0 1 0.6479230008827548
927 0.2125812558622834 0.7511062126874418 1 0 0.6476241141102334
928 0.9721809231380126 0.011376866448602743 0 0 0.6473253767437435
929 0.870505427985198 0.11159362748233913 0 0 0.647026788708601
930 0.5335617905885196 0.44777849749515525 0 0 0.6467283499301587
931 0.988717623408273 0.01128237659172718 0 0 0.6464300603338071
932 0.4284983799860265 0.5715016200139734 1 0 0.6461319198449736
933 0.5425914110767506 0.4574085889232491 0 0 0.6458339283891233
934 0.9792536235850834 0.020746376414917125 0 0 0.6455360858917581
935 0.22876088442390952 0.7533121887524429 1 1 0.6452383922784176
936 0.9549712473093696 0.04502875269063059 0 0 0.6449408474746782
937 0.5653784150680252 0.43462158493197484 0 0 0.6446434514061538
938 0.14866794711828493 0.8513320528817158 1 1 0.6443462039984952
939 0.29317901951370107 0.7068209804862995 1 1 0.6440491051773908
940 0.2925281375758776 0.6882942435751427 1 1 0.6437521548685657
941 0.24938540048958815 0.7326918235463036 1 0 0.6434553529977826
942 0.6873448263524952 0.2754028232013553 0 0 0.6431586994908406
943 0.8914074954145637 0.10859250458543653 0 0 0.6428621942735768
944 0.3097203363724391 0.6554844506578429 1 0 0.6425658372718644
945 0.9451612745037687 0.01745930010915339 0 0 0.6422696284116146
946 0.9696389640950689 0.0120162575508838 0 0 0.641973567618775
947 0.9817546257720018 0.018245374227998608 0 0 0.6416776548193303
948 0.25969875315519503 0.7209067314427838 1 1 0.6413818899393023
949 0.9764203593239765 0.005234666018801964 0 0 0.6410862729047501
950 0.29491909874576444 0.7050809012542358 1 1 0.640790803641769
951 0.49340253192313854 0.5065974680768617 1 0 0.640495482076492
952 0.4574764600939763 0.5425235399060235 1 0 0.6402003081350885
953 0.3259505467541147 0.674049453245885 1 1 0.6399052817437653
954 0.5219363548246847 0.4616133069487934 0 0 0.6396104028287655
955 0.967329175511242 0.01429792353935522 0 0 0.6393156713163693
956 0.9718464988277945 0.011065655763935174 0 0 0.6390210871328942
957 0.3371673458429795 0.6444485536476402 1 1 0.638726650204694
958 0.996917633675025 0.003082366324975099 0 0 0.6384323604581593
959 0.9941077474834009 0.005892252516599106 0 0 0.6381382178197178
960 0.9786013457653416 0.003113762641022328 0 0 0.6378442222158338
961 0.891770676470895 0.10822932352910453 0 0 0.6375503735730085
962 0.9781102530467654 0.00412180538089736 0 0 0.6372566718177796
963 0.2867959410027175 0.6950112755200266 1 1 0.6369631168767217
964 0.37889421674375334 0.603919944726292 1 0 0.636669708676446
965 0.51960992339562 0.44546137023677385 0 0 0.6363764471436006
966 0.1790447765707849 0.8021890452093704 1 1 0.63608333220487
967 0.3831546514780386 0.599485492105108 1 0 0.6357903637869756
968 0.9508104323033576 0.04918956769664284 0 0 0.6354975418166752
969 0.9866484701473462 0.013351529852653855 0 0 0.6352048662207632
970 0.5434544826343526 0.4565455173656473 0 0 0.6349123369260709
971 0.4230296423644593 0.5769703576355406 1 0 0.6346199538594659
972 0.9886870561894167 0.01131294381058394 0 0 0.6343277169478523
973 0.9636885638446844 0.03631143615531507 0 0 0.634035626118171
974 0.9864090657453694 0.013590934254630798 0 0 0.6337436812973992
975 0.264737906826786 0.7352620931732143 1 0 0.6334518824125509
976 0.2289206549730283 0.7358975157762011 1 1 0.6331602293906763
977 0.4859848343911688 0.5140151656088313 1 0 0.6328687221588619
978 0.6051948684473957 0.3948051315526043 0 0 0.6325773606442311
979 0.6049805311743712 0.37698582785010754 0 0 0.6322861447739436
980 0.9621878756563993 0.03781212434360096 0 0 0.6319950744751953
981 0.4002071190348736 0.5997928809651266 1 0 0.6317041496752187
982 0.3816011776208625 0.6183988223791379 1 0 0.6314133703012824
983 0.2642349463690812 0.7357650536309189 1 1 0.6311227362806918
984 0.9965911962093856 0.0034088037906146087 0 0 0.6308322475407883
985 0.36057834629979374 0.6215364100865642 1 1 0.6305419040089496
986 0.17822557696962374 0.7866649858703507 1 1 0.63025170561259
987 0.9922434324537767 0.0077565675462236364 0 0 0.6299616522791599
988 0.5246593121135725 0.4753406878864272 0 0 0.6296717439361458
989 0.9102596958935698 0.07201152657337818 0 0 0.6293819805110707
990 0.995571109444497 0.0044288905555028455 0 0 0.6290923619314938
991 0.3869857949637619 0.6130142050362383 1 0 0.6288028881250104
992 0.8940813406464279 0.08819219482742284 0 0 0.628513559019252
993 0.43961227489198756 0.560387725108012 1 1 0.6282243745418864
994 0.2657193187852264 0.69853770179844 1 1 0.6279353346206175
995 0.9974015311614991 0.002598468838501014 0 0 0.6276464391831852
996 0.49014519824919434 0.5098548017508059 1 0 0.6273576881573657
997 0.9971509177379982 0.002849082262002112 0 0 0.6270690814709713
998 0.1942459567720688 0.7525638921883636 1 1 0.6267806190518502
999 0.9972796964628697 0.002720303537130512 0 0 0.6264923008278869
1000 0.3312965873802552 0.6687034126197451 1 1 0.6262041267270018
1001 0.9008107546925739 0.09918924530742618 0 0 0.6259160966771513
1002 0.8699049590495884 0.13009504095041158 0 0 0.6256282106063281
1003 0.9969641253308664 0.003035874669133319 0 0 0.6253404684425605
1004 0.5804219344181928 0.41957806558180766 0 0 0.6250528701139131
1005 0.9790104863327985 0.002553318827683411 0 0 0.624765415548486
1006 0.2807880160055694 0.7011429975628923 1 0 0.624478104674416
1007 0.4973396174756756 0.5026603825243245 1 0 0.6241909374198751
1008 0.7596486172208502 0.2403513827791502 0 0 0.6239039137130715
1009 0.4364646057247157 0.5635353942752848 1 0 0.6236170334822493
1010 0.32338979670017437 0.6766102032998259 1 0 0.6233302966556885
1011 0.8783703865880745 0.12162961341192544 0 0 0.6230437031617049
1012 0.5920835231661825 0.4079164768338173 0 0 0.62275725292865
1013 0.9861200852271352 0.01387991477286497 0 0 0.6224709458849114
1014 0.8836651429877883 0.098354379445411 0 0 0.6221847819589121
1015 0.30953960394092367 0.6904603960590764 1 0 0.6218987610791114
1016 0.7457500425282535 0.25424995747174617 0 0 0.6216128831740039
1017 0.3683116833803568 0.6146364067162877 1 0 0.6213271481721202
1018 0.6918425156149861 0.30815748438501406 0 0 0.6210415560020265
1019 0.4478423913525798 0.5340836072780387 1 0 0.6207561065923247
1020 0.2558172668433244 0.7268584153663353 1 0 0.6204707998716527
1021 0.9432619363329113 0.056738063667088674 0 0 0.6201856357686835
1022 0.9573877740260415 0.02465376306991641 0 0 0.6199006142121263
1023 0.7962205145420174 0.20377948545798288 0 0 0.6196157351307255
1024 0.15817985572638596 0.8418201442736137 1 1 0.6193309984532614
1025 0.37551060573819306 0.6244893942618075 1 0 0.6190464041085502
1026 0.8578383916543786 0.12547107326985388 0 0 0.6187619520254427
1027 0.42902499382067366 0.5523268893550809 1 0 0.6184776421328263
1028 0.40416653300762717 0.5958334669923732 1 1 0.6181934743596232
1029 0.515463844071254 0.468350724316397 0 0 0.617909448634792
1030 0.2117333526167907 0.771964683150366 1 1 0.6176255648873256
1031 0.6292823397568469 0.37071766024315284 0 0 0.6173418230462535
1032 0.9169703252863646 0.06674100502246738 0 0 0.6170582230406401
1033 0.22639511476791926 0.773604885232081 1 1 0.6167747647995855
1034 0.9716413192902899 0.009966584663033545 0 0 0.6164914482522249
1035 0.5412729589935935 0.45872704100640627 0 0 0.6162082733277294
1036 0.5398608631702904 0.46013913682970975 0 0 0.6159252399553051
1037 0.4657760969602255 0.5342239030397749 1 0 0.6156423480641939
1038 0.11282108217835413 0.887178917821646 1 1 0.6153595975836726
1039 0.3621189445918043 0.6378810554081956 1 0 0.6150769884430536
1040 0.47010250691046845 0.5298974930895319 1 1 0.6147945205716847
1041 0.9298421700380581 0.07015782996194184 0 0 0.6145121938989488
1042 0.9896436581574766 0.010356341842523927 0 0 0.6142300083542643
1043 0.9897333597734217 0.010266640226578532 0 0 0.613947963867085
1044 0.3422218091222975 0.639237555462527 1 0 0.6136660603668994
1045 0.9796475724905039 0.02035242750949595 0 0 0.613384297783232
1046 0.24485271593870184 0.7551472840612982 1 1 0.6131026760456418
1047 0.993875750813114 0.006124249186886493 0 0 0.6128211950837238
1048 0.8859549355699171 0.11404506443008307 0 0 0.6125398548271073
1049 0.9059164958145977 0.09408350418540212 0 0 0.6122586552054574
1050 0.9322490789379062 0.06775092106209347 0 0 0.6119775961484744
1051 0.32167078906205465 0.6783292109379457 1 0 0.6116966775858933
1052 0.4336958007273455 0.566304199272655 1 0 0.6114158994474844
1053 0.4567996239026699 0.5432003760973302 1 0 0.6111352616630534
1054 0.1675492698911887 0.8324507301088119 1 1 0.6108547641624407
1055 0.9907958094499452 0.009204190550054924 0 0 0.610574406875522
1056 0.38591820176378655 0.5958548705729889 1 0 0.6102941897322078
1057 0.36553242016471665 0.5973493771333133 1 1 0.6100141126624443
1058 0.2557399003858166 0.7442600996141836 1 0 0.6097341755962116
1059 0.4375594743496498 0.5624405256503504 1 0 0.6094543784635258
1060 0.7798004496008073 0.2201995503991925 0 0 0.6091747211944375
1061 0.984334081362789 0.015665918637211396 0 0 0.6088952037190324
1062 0.19037201575737742 0.8096279842426227 1 1 0.6086158259674311
1063 0.9951346511987788 0.004865348801221761 0 0 0.6083365878697893
1064 0.9497699921210937 0.05023000787890641 0 0 0.6080574893562972
1065 0.5013737374465922 0.4986262625534077 0 0 0.6077785303571807
1066 0.9976932002376064 0.0023067997623932236 0 0 0.6074997108026994
1067 0.9978605953097255 0.0021394046902750534 0 0 0.6072210306231488
1068 0.41148207112487817 0.5885179288751214 1 0 0.6069424897488587
1069 0.6950121112325119 0.2854260106169683 0 0 0.606664088110194
1070 0.570694208512698 0.42930579148730197 0 0 0.606385825637554
1071 0.5736649967475514 0.4085626662563266 0 0 0.6061077022613736
1072 0.9899717638508739 0.010028236149126143 0 0 0.6058297179121216
1073 0.3884181576223082 0.5930135522794168 1 1 0.605551872520302
1074 0.3695612708708359 0.6304387291291645 1 0 0.6052741660164532
1075 0.7920498696336438 0.17133557626562207 0 0 0.604996598331149
1076 0.8878229018837552 0.09571221845546976 0 0 0.6047191693949973
1077 0.7007785739732605 0.2992214260267395 0 0 0.6044418791386408
1078 0.619805093542495 0.38019490645750476 0 0 0.6041647274927568
1079 0.9965876039361309 0.003412396063868873 0 0 0.6038877143880578
1080 0.996512283793594 0.00348771620640594 0 0 0.6036108397552902
1081 0.9981229873637721 0.0018770126362276207 0 0 0.6033341035252354
1082 0.9123911428188818 0.06930870872916575 0 0 0.6030575056287094
1083 0.5053604877551766 0.49463951224482383 0 0 0.6027810459965627
1084 0.25156584951347494 0.7303054517647831 1 0 0.6025047245596803
1085 0.9812955693937506 0.018704430606249794 0 0 0.602228541248982
1086 0.1814053935269873 0.8016828395813395 1 1 0.6019524959954218
1087 0.27923363357650144 0.7207663664234981 1 0 0.6016765887299884
1088 0.6894237588103479 0.29109978729277997 0 0 0.6014008193837053
1089 0.18695839239802906 0.8130416076019712 1 1 0.6011251878876297
1090 0.4495155999623716 0.550484400037629 1 0 0.600849694172854
1091 0.15221997762229345 0.829846722763261 1 1 0.6005743381705049
1092 0.4577414801404216 0.5422585198595786 1 1 0.600299119811743
1093 0.40803317966051533 0.5919668203394849 1 0 0.6000240390277639
1094 0.3074425533317781 0.692557446668222 1 0 0.5997490957497975
1095 0.9686436862317693 0.031356313768230545 0 0 0.5994742899091079
1096 0.8021361241053314 0.17984295976298742 0 0 0.5991996214369936
1097 0.9767461993252753 0.0038533566860197172 0 0 0.5989250902647877
1098 0.9975362199322471 0.002463780067752989 0 0 0.598650696323857
1099 0.47192994944768174 0.5100383903099781 1 0 0.5983764395456033
1100 0.24368678223603818 0.7563132177639617 1 0 0.5981023198614623
1101 0.22380887023426868 0.7374726840472027 1 1 0.5978283372029043
1102 0.43942357484599986 0.5605764251540001 1 0 0.5975544915014334
1103 0.8009879963294371 0.16129054136960527 0 0 0.5972807826885881
1104 0.2006457010684877 0.7628946703749493 1 0 0.5970072106959413
1105 0.9886602805921514 0.011339719407848248 0 0 0.5967337754551001
1106 0.2558530044818133 0.7441469955181871 1 0 0.5964604768977056
1107 0.37426446358773574 0.6257355364122641 1 1 0.5961873149554333
1108 0.772937802472391 0.1724991637124679 0 0 0.5959142895599925
1109 0.5096670080069589 0.4518040869115612 0 1 0.5956414006431268
1110 0.7952352848424227 0.13299538674324632 0 0 0.5953686481366142
1111 0.37498603859166346 0.6250139614083368 1 0 0.5950960319722666
1112 0.9756137784702611 0.024386221529739016 0 0 0.5948235520819296
1113 0.12084099369101971 0.8791590063089801 1 1 0.5945512083974837
1114 0.8052009611750806 0.1947990388249194 0 0 0.5942790008508425
1115 0.33839730668664303 0.6616026933133572 1 0 0.5940069293739545
1116 0.3179221120903148 0.6820778879096854 1 0 0.5937349938988016
1117 0.5407335477409886 0.45926645225901175 0 0 0.5934631943574
1118 0.6673619548888446 0.33263804511115524 0 0 0.5931915306817999
1119 0.20408702542536358 0.7959129745746364 1 1 0.5929200028040853
1120 0.5362725576495293 0.44533203759645806 0 0 0.5926486106563742
1121 0.19637935550643432 0.803620644493565 1 1 0.5923773541708186
1122 0.6842014105099844 0.3157985894900154 0 0 0.5921062332796042
1123 0.906014997062994 0.09398500293700607 0 0 0.5918352479149512
1124 0.44303453343756977 0.5569654665624306 1 0 0.5915643980091128
1125 0.2876907406656655 0.7123092593343345 1 0 0.5912936834943768
1126 0.4855811523134471 0.49596470026620826 1 0 0.5910231043030645
1127 0.7909470899514267 0.2090529100485734 0 0 0.5907526603675312
1128 0.3571714955250508 0.62564699089923 1 1 0.5904823516201657
1129 0.5686619843874148 0.41435862579119426 0 0 0.5902121779933909
1130 0.9576227250574855 0.04237727494251476 0 0 0.5899421394196634
1131 0.9958936981917242 0.004106301808275835 0 0 0.5896722358314737
1132 0.23933812334452825 0.7432929934850949 1 0 0.5894024671613456
1133 0.3398057067248426 0.6601942932751576 1 0 0.5891328333418372
1134 0.9821654147064852 0.017834585293514928 0 0 0.5888633343055399
1135 0.9821980703409767 0.017801929659023347 0 0 0.588593969985079
1136 0.17551594333629975 0.8244840566637001 1 1 0.5883247403131134
1137 0.6195998327311598 0.3804001672688405 0 0 0.5880556452223358
1138 0.26227327958505836 0.7377267204149419 1 1 0.587786684645472
1139 0.3801880473114912 0.6198119526885093 1 0 0.5875178585152825
1140 0.40261878771915305 0.5973812122808472 1 0 0.5872491667645603
1141 0.9161810180034069 0.06685468429298613 0 0 0.5869806093261325
1142 0.7772839256214612 0.22271607437853963 0 0 0.5867121861328599
1143 0.34171958971631616 0.658280410283684 1 1 0.5864438971176367
1144 0.43997477327272405 0.5600252267272758 1 1 0.5861757422133904
1145 0.863123047522998 0.1187406517899272 0 0 0.5859077213530826
1146 0.5385152245641553 0.4440758787524547 0 0 0.5856398344697079
1147 0.9629982411193536 0.03700175888064632 0 0 0.5853720814962946
1148 0.9199462969426533 0.06321800918430204 0 0 0.5851044623659044
1149 0.8315652888324742 0.16843471116752584 0 0 0.5848369770116327
1150 0.9870581036483169 0.012941896351683605 0 0 0.584569625366608
1151 0.9979460751151495 0.0020539248848503388 0 0 0.5843024073639923
1152 0.40031887016543966 0.5996811298345605 1 0 0.5840353229369813
1153 0.9334786561739857 0.04809023623485117 0 0 0.5837683720188038
1154 0.991329880763398 0.00867011923660202 0 0 0.5835015545427222
1155 0.730512686495653 0.23191093560905826 0 0 0.5832348704420319
1156 0.38460886396493354 0.6153911360350666 1 1 0.5829683196500621
1157 0.9412160278322109 0.03897427347530533 0 0 0.5827019021001749
1158 0.6854658280468233 0.31453417195317673 0 0 0.5824356177257659
1159 0.6028797244980546 0.36149629054793847 0 0 0.5821694664602642
1160 0.5948258000548975 0.40517419994510295 0 1 0.5819034482371319
1161 0.9967880182480857 0.0032119817519143047 0 0 0.5816375629898645
1162 0.998243332261553 0.0017566677384467687 0 0 0.5813718106519905
1163 0.9100462333246506 0.07177488138674329 0 0 0.581106191157072
1164 0.9983971423553868 0.0016028576446131774 0 0 0.5808407044387041
1165 0.7641874599126222 0.2163683049408208 0 0 0.5805753504305149
1166 0.9962469962878002 0.0037530037121998633 0 0 0.5803101290661662
1167 0.7012029806241729 0.2808545718799168 0 0 0.5800450402793526
1168 0.8396795457544495 0.16032045424555055 0 0 0.5797800840038017
1169 0.3455136067273976 0.6544863932726023 1 0 0.5795152601732745
1170 0.20491015509262756 0.7570207815411047 1 1 0.5792505687215652
1171 0.24048114216285843 0.7415373340587367 1 1 0.5789860095825009
1172 0.34325131410828646 0.6567486858917136 1 0 0.5787215826899417
1173 0.3406952704041282 0.6593047295958718 1 0 0.5784572879777808
1174 0.884292766209467 0.09967003963608477 0 0 0.5781931253799448
1175 0.2642409140513746 0.7014311173825156 1 1 0.5779290948303928
1176 0.9980050860103938 0.0019949139896061657 0 0 0.5776651962631173
1177 0.3431148324018599 0.6390130342522093 1 0 0.5774014296121437
1178 0.9757975620172358 0.0060212025628527755 0 0 0.5771377948115302
1179 0.981712896073589 0.018287103926411318 0 0 0.5768742917953681
1180 0.9942732347115029 0.005726765288497082 0 0 0.5766109204977817
1181 0.3933319765743709 0.5886321188476273 1 0 0.5763476808529281
1182 0.9642725870859808 0.03572741291401912 0 0 0.5760845727949976
1183 0.5889402917566883 0.3927600172673559 0 1 0.575821596258213
1184 0.8046920734382539 0.17719541830779328 0 0 0.5755587511768302
1185 0.3431542092190382 0.6568457907809614 1 0 0.5752960374851378
1186 0.9915963155099217 0.008403684490078181 0 0 0.5750334551174577
1187 0.7351352871289668 0.26486471287103386 0 0 0.574771004008144
1188 0.9612355346493733 0.021704619008723072 0 0 0.5745086840915841
1189 0.9915861110223689 0.008413888977631302 0 0 0.5742464953021978
1190 0.30472944805718943 0.6952705519428105 1 0 0.5739844375744383
1191 0.9908301451616157 0.009169854838384735 0 0 0.5737225108427908
1192 0.9899437289062695 0.010056271093730649 0 0 0.5734607150417738
1193 0.5760377135956052 0.3880532808878739 0 0 0.5731990501059381
1194 0.47644229801804205 0.5235577019819581 1 0 0.5729375159698679
1195 0.9355715783245354 0.06442842167546464 0 0 0.5726761125681792
1196 0.42902490074460253 0.5709750992553972 1 1 0.5724148398355215
1197 0.6705796766027803 0.32942032339721994 0 0 0.5721536977065764
0.0929221235520727
0.7423059733647387
0.7903117144067452
0.093  0.000
0.742  0.000
0.790  0.000
