0
0 0.0 0.0 0 0 1.0
1 1.000000000000001 0.0 0 0 0.9995251187302109
2 1.000000000000001 0.0 0 1 0.9990504748417063
3 1.000000000000001 0.0 0 0 0.9985760682158253
4 1.000000000000001 0.0 0 0 0.9981018987339664
5 1.000000000000001 0.0 0 0 0.9976279662775871
6 1.000000000000001 0.0 0 0 0.9971542707282044
7 1.000000000000001 0.0 0 0 0.9966808119673941
8 1.000000000000001 0.0 0 1 0.9962075898767919
9 0.9062500000000009 0.09374999999999999 0 0 0.995734604338092
10 0.9125738372606643 0.08742616273933661 0 0 0.9952618552330482
11 0.9175069646398747 0.08249303536012466 0 0 0.9947893424434732
12 0.9215051496582987 0.0784948503417023 0 0 0.9943170658512385
13 0.92483720645585 0.075162793544151 0 0 0.9938450253382753
14 0.9276738734684893 0.07232612653151108 0 0 0.9933732207865733
15 0.9386513544429806 0.06134864555702032 0 0 0.9929016520781815
16 0.9403738004952537 0.05962619950474731 0 0 0.9924303190952076
17 0.9507230865774984 0.04927691342250137 0 0 0.9919592217198184
18 0.9518221169598982 0.048177883040102926 0 0 0.9914883598342394
19 0.9528167928029607 0.047183207197038855 0 0 0.9910177333207555
20 0.9537232224339892 0.0462767775660118 0 0 0.9905473420617097
21 0.9545541821453625 0.045445817854637145 0 0 0.9900771859395043
22 0.9642927529872655 0.03570724701273561 0 0 0.9896072648366003
23 0.9648595171979856 0.03514048280201551 0 0 0.9891375786355174
24 0.9653859073453921 0.034614092654608956 0 0 0.988668127218834
25 0.9658766240396671 0.03412337596033398 0 0 0.9881989104691874
26 0.9663356275944945 0.03366437240550658 0 1 0.9877299282692732
27 0.7321996172626022 0.26780038273739853 0 0 0.987261180501846
28 0.7371508218435013 0.2628491781564987 0 0 0.9867926670497188
29 0.7418498176076007 0.2581501823923992 0 0 0.9863243877957633
30 0.7463190802056748 0.2536809197943257 0 0 0.9858563426229096
31 0.7505782483506196 0.24942175164937985 0 0 0.9853885314141463
32 0.7546445835904062 0.24535541640959385 0 0 0.9849209540525209
33 0.7585333397104131 0.24146666028958663 0 0 0.9844536104211388
34 0.7622580617952993 0.23774193820470063 0 0 0.9839865004031642
35 0.7656403124955216 0.23435968750447808 0 0 0.9835196238818196
36 0.7692624817006211 0.23073751829937791 0 0 0.9830529807403857
37 0.7725627339738784 0.22743726602612227 0 0 0.9825865708622019
38 0.7757403745764486 0.2242596254235512 0 0 0.9821203941306657
39 0.7788033550377669 0.22119664496223276 0 1 0.9816544504292329
40 0.6408595020649387 0.35914049793506125 0 0 0.9811887396414175
41 0.6520937116493641 0.34790628835063614 0 0 0.9807232616507919
42 0.6273336657022588 0.3726663342977413 0 0 0.9802580163409866
43 0.685553217612473 0.3144467823875267 0 0 0.9797930035956902
44 0.695797737001591 0.3042022629984088 0 0 0.9793282232986495
45 0.7053133518855409 0.2946866481144592 0 0 0.9788636753336696
46 0.7096283831100293 0.2903716168899706 0 0 0.9783993595846132
47 0.7131930011968414 0.28680699880315835 0 0 0.9779352759354016
48 0.7166413064262023 0.28335869357379745 0 0 0.9774714242700139
49 0.7198580080591588 0.28014199194084144 0 0 0.977007804472487
50 0.723218988196632 0.27678101180336734 0 0 0.976544416426916
51 0.3528817091832061 0.6471182908167937 1 1 0.976081260017454
52 0.9667080566460287 0.033291943353970836 0 0 0.9756183351283119
53 0.9704165294753829 0.029583470524616864 0 0 0.9751556416437582
54 0.9710178357063913 0.02898216429360801 0 0 0.97469317944812
55 0.9715117107198598 0.028488289280139634 0 1 0.9742309484257813
56 0.6646906809043532 0.3353093190956463 0 0 0.9737689484611846
57 0.7867418406118823 0.21325815938811735 0 0 0.9733071794388298
58 0.8727468577680091 0.12725314223199055 0 0 0.9728456412432746
59 0.6168365315799211 0.3831634684200783 0 0 0.9723843337591346
60 0.48978453911536907 0.5102154608846305 1 1 0.9719232568710827
61 0.8828304622817151 0.11716953771828378 0 1 0.97146241046385
62 0.6106868289403138 0.38931317105968594 0 0 0.9710017944222247
63 0.746268002620321 0.2537319973796785 0 0 0.9705414086310526
64 0.6870144276322845 0.19634312131670942 0 0 0.9700812529752377
65 0.6502212202589713 0.23273760328123638 0 0 0.9696213273397407
66 0.10773136104445755 0.7904579725226529 1 1 0.9691616316095805
67 0.19405848160392 0.7712716510384029 1 0 0.9687021656698327
68 0.6224901382361057 0.2385017619236231 0 0 0.9682429294056313
69 0.8418115061744113 0.14061390149403585 0 0 0.967783922702167
70 0.4477208680375575 0.5350406975284786 1 0 0.9673251454446882
71 0.5622200258408167 0.42038444142179393 0 0 0.9668665975185005
72 0.7527286548101548 0.24727134518984473 0 0 0.966408278808967
73 0.3314943511280843 0.6512019158487405 1 0 0.9659501892015078
74 0.800038059915808 0.16505275879047318 0 0 0.9654923285816008
75 0.7870813032738646 0.21291869672613548 0 0 0.9650346968347807
76 0.8425956482163144 0.13638020651228563 0 0 0.9645772938466396
77 0.4962475926271102 0.48275000744253715 0 0 0.9641201195028267
78 0.5649980067088259 0.4350019932911736 0 0 0.9636631736890484
79 0.8137314304371218 0.042506773784428485 0 0 0.9632064562910683
80 0.9214718162591236 0.0614186469112006 0 0 0.9627499671947071
81 0.7509482899400696 0.2319568575408671 0 0 0.9622937062858423
82 0.9238739786826485 0.0761260213173517 0 1 0.9618376734504089
83 0.7056020114387285 0.1866895075329995 0 0 0.9613818685743987
84 0.6571401222812526 0.1431233366710164 0 0 0.9609262915438603
85 0.6614227022995176 0.3177778723584434 0 0 0.9604709422448996
86 0.46800088217766356 0.4402938694164011 0 0 0.9600158205636791
87 0.6594394548429151 0.24819579675060904 0 0 0.9595609263864187
88 0.5211681427043329 0.44145777838234534 0 0 0.9591062595993943
89 0.8182485618502704 0.16469420257122572 0 0 0.9586518200889397
90 0.57962476317608 0.42037523682392025 0 0 0.9581976077414449
91 0.8727689337786726 0.08926519226984334 0 0 0.9577436224433568
92 0.8866203570678072 0.0758033304810684 0 0 0.957289864081179
93 0.6890784151239603 0.31092158487604055 0 0 0.9568363325414718
94 0.9454615957851721 0.054538404214828175 0 0 0.9563830277108525
95 0.6663699292273958 0.31335463067556396 0 0 0.9559299494759951
96 0.9493844359247792 0.033447294156250584 0 0 0.9554770977236295
97 0.939659040218752 0.043179647771882296 0 0 0.9550244723405431
98 0.8052124818614362 0.15723826979245936 0 0 0.9545720732135796
99 0.9366738055851804 0.04299738175453584 0 0 0.9541199002296391
100 0.9176176440542967 0.062046504273419546 0 0 0.9536679532756783
101 0.7290800697166726 0.2709199302833273 0 0 0.9532162322387105
102 0.9017563208013345 0.08132728261165462 0 0 0.9527647370058057
103 0.7609089513707737 0.23909104862922592 0 0 0.9523134674640896
104 0.9775727837430435 0.02242721625695636 0 0 0.951862423500745
105 0.9408473274307674 0.021692929307077433 0 0 0.9514116050030111
106 0.9878914480312472 0.012108551968753191 0 0 0.9509610118581833
107 0.9877474519400418 0.012252548059958044 0 0 0.950510643953613
108 0.9880798709168214 0.011920129083178445 0 0 0.9500605011767084
109 0.9318298703588381 0.06817012964116151 0 0 0.9496105834149338
110 0.6477351003130041 0.3522648996869961 0 0 0.9491608905558097
111 0.9815082939427726 0.018491706057227674 0 0 0.948711422486913
112 0.9753609622930157 0.02463903770698392 0 0 0.9482621790958765
113 0.6390733530892206 0.3609266469107798 0 1 0.9478131602703894
114 0.7574469039835775 0.2425530960164224 0 0 0.9473643658981972
115 0.9807589605856274 0.019241039414372628 0 1 0.9469157958671011
116 0.8812215980488306 0.11877840195117 0 0 0.9464674500649586
117 0.896823733447296 0.10317626655270436 0 0 0.9460193283796833
118 0.7652486041803235 0.2347513958196762 0 0 0.9455714306992448
119 0.8214618156134275 0.1785381843865725 0 0 0.9451237569116685
120 0.7314098241897315 0.25718755544832544 0 0 0.9446763069050362
121 0.7322852779190636 0.2677147220809364 0 0 0.9442290805674853
122 0.45627320061266674 0.5322592099605195 1 0 0.9437820777872092
123 0.927671188119922 0.07232881188007764 0 0 0.9433352984524572
124 0.8298606610816343 0.15860179334781027 0 0 0.9428887424515344
125 0.9014860760695856 0.09851392393041455 0 0 0.942442409672802
126 0.8742597670034153 0.12574023299658516 0 1 0.9419963000046766
127 0.8676547651010229 0.132345234898977 0 0 0.9415504133356308
128 0.6596797219529699 0.3403202780470298 0 0 0.941104749554193
129 0.7665972854767075 0.19940835415953037 0 0 0.9406593085489473
130 0.8842030970140345 0.11579690298596514 0 0 0.9402140902085333
131 0.5446852500995304 0.4212533855478397 0 1 0.9397690944216465
132 0.8417786960315932 0.15822130396840686 0 0 0.9393243210770379
133 0.842472975871923 0.15752702412807668 0 0 0.9388797700635142
134 0.3151402784859886 0.6422165941048066 1 1 0.9384354412699377
135 0.8716141802137122 0.12838581978628785 0 0 0.9379913345852261
136 0.677236620281107 0.32276337971889313 0 0 0.9375474498983528
137 0.44884853660266777 0.5226623667614292 1 0 0.9371037870983466
138 0.8737947756966151 0.1262052243033846 0 0 0.9366603460742918
139 0.46885592515658836 0.5311440748434113 1 0 0.9362171267153282
140 0.7884044572272831 0.21159554277271686 0 0 0.9357741289106508
141 0.8873630543169541 0.11263694568304601 0 0 0.9353313525495103
142 0.29113343188308444 0.6801890769476788 1 0 0.9348887975212126
143 0.4997801812344082 0.5002198187655919 1 0 0.9344464637151187
144 0.5881322982725594 0.4118677017274405 0 0 0.9340043510206455
145 0.9617713479175464 0.0382286520824537 0 0 0.9335624593272646
146 0.6418244519972125 0.3581755480027876 0 0 0.9331207885245031
147 0.7646740640421724 0.23532593595782778 0 0 0.9326793385019433
148 0.7277140214871899 0.2722859785128103 0 0 0.9322381091492229
149 0.6041939070165948 0.3958060929834057 0 0 0.9317971003560342
150 0.9665833241217929 0.03341667587820707 0 0 0.9313563120121252
151 0.9573400244390121 0.042659975560988356 0 0 0.9309157440072989
152 0.6247265399148959 0.3752734600851042 0 0 0.9304753962314132
153 0.9690563687257826 0.03094363127421744 0 0 0.930035268574381
154 0.45986820645998344 0.5401317935400163 1 0 0.9295953609261706
155 0.6894093790391412 0.3105906209608583 0 0 0.929155673176805
156 0.5213361290317069 0.478663870968293 0 0 0.9287162052163623
157 0.7651855171981932 0.23481448280180617 0 0 0.9282769569349755
158 0.8297259580093426 0.1702740419906571 0 0 0.9278379282228324
159 0.94062209250531 0.05937790749469026 0 0 0.9273991189701761
160 0.46579466562239075 0.5342053343776098 1 0 0.926960529067304
161 0.9148109558284891 0.08518904417151064 0 0 0.9265221584045688
162 0.4976697996596018 0.5023302003403985 1 0 0.9260840068723777
163 0.8041432239799556 0.17658677734562991 0 0 0.9256460743611928
164 0.9355881328051714 0.06441186719482812 0 0 0.9252083607615312
165 0.9203739052429243 0.07962609475707526 0 0 0.9247708659639643
166 0.9553721121092267 0.044627887890773446 0 0 0.9243335898591184
167 0.8656857049380755 0.1343142950619243 0 0 0.9238965323376747
168 0.9533780614974817 0.046621938502518195 0 0 0.9234596932903685
169 0.9518068275242999 0.0481931724757001 0 0 0.9230230726079901
170 0.8707668810121736 0.12923311898782677 0 0 0.9225866701813845
171 0.8928693350940644 0.10713066490593581 0 1 0.9221504859014509
172 0.9431655405169954 0.056834459483004224 0 0 0.9217145196591434
173 0.8814704495112371 0.0995623282560414 0 0 0.9212787713454703
174 0.7795933690341185 0.22040663096588145 0 0 0.9208432408514946
175 0.9516312456773892 0.04836875432261129 0 0 0.9204079280683337
176 0.9537239254506159 0.04627607454938361 0 0 0.9199728328871594
177 0.6230616028370372 0.3579832470197239 0 0 0.9195379551991977
178 0.6015137939568279 0.3984862060431721 0 1 0.9191032948957294
179 0.9602885691566667 0.03971143084333361 0 1 0.9186688518680893
180 0.5827686390008128 0.41723136099918723 0 0 0.9182346260076668
181 0.6619676721553525 0.3380323278446476 0 0 0.9178006172059052
182 0.8918998565027545 0.10810014349724548 0 0 0.9173668253543025
183 0.7333490789381173 0.26665092106188276 0 0 0.9169332503444106
184 0.6908123892746051 0.30918761072539497 0 0 0.9164998920678359
185 0.7807443419637975 0.21925565803620298 0 0 0.9160667504162386
186 0.9137656507785976 0.08623434922140216 0 0 0.9156338252813335
187 0.8658595892642834 0.13414041073571636 0 0 0.9152011165548892
188 0.7470314046061411 0.25296859539385885 0 0 0.9147686241287286
189 0.8145351357569026 0.18546486424309677 0 0 0.9143363478947285
190 0.79208358274973 0.20791641725027024 0 0 0.9139042877448198
191 0.7735703420314731 0.22642965796852713 0 1 0.9134724435709877
192 0.8767779788396457 0.12322202116035433 0 0 0.9130408152652709
193 0.8867168095508363 0.11328319044916373 0 0 0.9126094027197623
194 0.5584032726128174 0.4249820562966254 0 0 0.912178205826609
195 0.545809658983675 0.3642827217796944 0 0 0.9117472244780116
196 0.7407340970892173 0.25926590291078255 0 0 0.9113164585662249
197 0.55854252953369 0.3547468357787398 0 0 0.9108859079835573
198 0.9073097653725488 0.09269023462745095 0 0 0.9104555726223711
199 0.3708481036637453 0.6122064995053433 1 1 0.9100254523750826
200 0.904200095057963 0.09579990494203745 0 0 0.9095955471341616
201 0.8189063163505151 0.18109368364948528 0 0 0.9091658567921319
202 0.3997442905988096 0.5061874045282045 1 0 0.908736381241571
203 0.4624002457410874 0.40798999722059964 0 0 0.9083071203751096
204 0.23820281748892075 0.6151623854588474 1 0 0.907878074085433
205 0.8756251134724574 0.12437488652754282 0 0 0.9074492422652793
206 0.28187475975811477 0.5541416355513252 1 1 0.9070206248074407
207 0.8110590868221105 0.18894091317788977 0 0 0.9065922216047627
208 0.7913529918721678 0.20864700812783266 0 0 0.9061640325501444
209 0.3827022359703327 0.46842723744253156 1 0 0.905736057536539
210 0.8762780257834561 0.12372197421654339 0 1 0.9053082964569523
211 0.345861999858948 0.6541380001410522 1 1 0.9048807492044442
212 0.598703983590466 0.24865463581053668 0 0 0.9044534156721279
213 0.5175119534466273 0.4824880465533727 0 0 0.9040262957531698
214 0.6669496715437934 0.3330503284562069 0 0 0.9035993893407902
215 0.6934553716333867 0.3065446283666138 0 0 0.9031726963282625
216 0.6377220253535424 0.3622779746464575 0 0 0.9027462166089132
217 0.4077152122178775 0.5594606965091315 1 1 0.9023199500761224
218 0.7965113391856717 0.20348866081432843 0 0 0.9018938966233236
219 0.6132455479409082 0.38675445205909204 0 0 0.9014680561440035
220 0.6678688755919707 0.33213112440802917 0 0 0.9010424285317018
221 0.8387994927553362 0.16120050724466356 0 0 0.9006170136800117
222 0.6530729255265171 0.3469270744734822 0 0 0.9001918114825794
223 0.22708332479576565 0.6866667618463791 1 0 0.8997668218331044
224 0.4471903683074475 0.48046438114297324 1 0 0.8993420446253394
225 0.5274177593070548 0.47258224069294524 0 0 0.8989174797530899
226 0.6499533995330747 0.33151267533004947 0 0 0.8984931271102148
227 0.8777729872254173 0.12222701277458223 0 0 0.8980689865906258
228 0.43687850315138593 0.563121496848614 1 0 0.8976450580882879
229 0.8665022580307347 0.13349774196926512 0 0 0.897221341497219
230 0.2875819983424922 0.6978244556368242 1 1 0.8967978367114897
231 0.8441057364402837 0.1558942635597163 0 0 0.8963745436252242
232 0.7288535407856586 0.2711464592143418 0 0 0.895951462132599
233 0.9252065179523805 0.07479348204761924 0 0 0.8955285921278436
234 0.8847239869382844 0.11527601306171623 0 0 0.8951059335052408
235 0.6284023867418524 0.33613511193827617 0 1 0.8946834861591256
236 0.7256335736907237 0.2743664263092763 0 0 0.8942612499838865
237 0.7808457143196613 0.16992347371597355 0 0 0.8938392248739643
238 0.9490805513620661 0.05091944863793362 0 0 0.8934174107238526
239 0.9303905737827596 0.06960942621724078 0 0 0.8929958074280979
240 0.7345589347796816 0.2654410652203189 0 0 0.8925744148812996
241 0.9416071011164364 0.05839289888356376 0 0 0.8921532329781094
242 0.6996941738389038 0.300305826161096 0 1 0.8917322616132318
243 0.7609720803736534 0.23902791962634642 0 0 0.891311500681424
244 0.6163582366155652 0.33450444006685054 0 0 0.8908909500774957
245 0.7315190577259703 0.26848094227402935 0 0 0.8904706096963094
246 0.4457731339201145 0.5542268660798855 1 0 0.8900504794327798
247 0.6695614894678185 0.33043851053218126 0 0 0.8896305591818745
248 0.32641867497890803 0.6564135709123016 1 1 0.8892108488386133
249 0.33248754022325416 0.6523722997349939 1 0 0.8887913482980688
250 0.7519801937536289 0.2480198062463711 0 0 0.8883720574553657
251 0.45952398227853913 0.5404760177214613 1 0 0.8879529762056811
252 0.4245761497614951 0.5754238502385044 1 0 0.8875341044442453
253 0.8902357720689811 0.10976422793101881 0 0 0.8871154420663397
254 0.29956401266508753 0.6851383971585027 1 0 0.8866969889672991
255 0.9519832159376627 0.04801678406233739 0 0 0.8862787450425101
256 0.6895035516310587 0.3104964483689413 0 0 0.8858607101874116
257 0.7937244583071275 0.20627554169287265 0 0 0.8854428842974952
258 0.5284456630447777 0.47155433695522236 0 0 0.885025267268304
259 0.796471019863372 0.2035289801366278 0 0 0.8846078589954341
260 0.5136337614115664 0.48636623858843364 0 0 0.8841906593745332
261 0.8517516434683327 0.1482483565316678 0 0 0.8837736683013016
262 0.9906224471447347 0.009377552855265299 0 0 0.8833568856714914
263 0.5794495499398469 0.42055045006015274 0 0 0.8829403113809069
264 0.22057445769348422 0.7794255423065162 1 0 0.8825239453254046
265 0.7733056958448385 0.2266943041551613 0 0 0.882107787400893
266 0.9121027946461805 0.08789720535381959 0 0 0.8816918375033326
267 0.6285152689361752 0.371484731063825 0 0 0.8812760955287358
268 0.5367191697720745 0.4632808302279259 0 0 0.8808605613731673
269 0.965575391722754 0.03442460827724591 0 0 0.8804452349327435
270 0.8006435430806048 0.1993564569193957 0 0 0.8800301161036327
271 0.2731334018304483 0.7268665981695512 1 0 0.8796152047820552
272 0.5803369717364952 0.41966302826350493 0 0 0.8792005008642834
273 0.8076385179519909 0.1923614820480092 0 0 0.878786004246641
274 0.8645274167420207 0.13547258325797973 0 0 0.8783717148255039
275 0.9245158353626943 0.07548416463730576 0 0 0.8779576324973
276 0.9628813592931376 0.03711864070686272 0 0 0.8775437571585084
277 0.8549563171589702 0.14504368284103 0 0 0.8771300887056604
278 0.2827582404977677 0.7172417595022323 1 1 0.8767166270353389
279 0.8356234372245291 0.16437656277547097 0 0 0.8763033720441786
280 0.4007818629294447 0.5992181370705553 1 0 0.8758903236288655
281 0.9161841773355075 0.08381582266449265 0 0 0.8754774816861377
282 0.8142129648947386 0.18578703510526134 0 0 0.8750648461127845
283 0.28333535310992175 0.7166646468900784 1 0 0.8746524168056472
284 0.7046379269300039 0.29536207306999646 0 0 0.8742401936616183
285 0.33442954663185925 0.6655704533681406 1 0 0.8738281765776422
286 0.8652380766816524 0.13476192331834794 0 0 0.8734163654507144
287 0.6499423970593196 0.3500576029406807 0 0 0.8730047601778824
288 0.9832204745908603 0.016779525409139538 0 0 0.8725933606562447
289 0.5546601816735756 0.44533981832642494 0 0 0.8721821667829516
290 0.6623872417073017 0.33761275829269843 0 0 0.8717711784552042
291 0.9935392113081535 0.006460788691846719 0 0 0.8713603955702558
292 0.8489293887013224 0.15107061129867796 0 0 0.8709498180254107
293 0.9030799648069171 0.09692003519308313 0 0 0.8705394457180242
294 0.3501269097594827 0.6498730902405175 1 0 0.8701292785455035
295 0.3222683098345988 0.6777316901654011 1 0 0.8697193164053066
296 0.6231762066717091 0.3768237933282907 0 0 0.8693095591949432
297 0.9613208021074763 0.038679197892523755 0 0 0.8689000068119738
298 0.5175171149305721 0.48248288506942744 0 1 0.8684906591540104
299 0.9900137225318282 0.009986277468172019 0 0 0.868081516118716
300 0.8447793414743597 0.1552206585256405 0 0 0.8676725776038049
301 0.3276582252136208 0.6723417747863792 1 0 0.8672638435070424
302 0.9542730625384886 0.04572693746151171 0 0 0.8668553137262452
303 0.7655037084608388 0.23449629153916085 0 0 0.8664469881592806
304 0.4712970399705156 0.5287029600294844 1 0 0.8660388667040673
305 0.6094487718341457 0.3905512281658547 0 0 0.8656309492585749
306 0.4961470645593641 0.5038529354406361 1 1 0.8652232357208242
307 0.7024329938460552 0.29756700615394477 0 0 0.8648157259888866
308 0.4506226156621338 0.5493773843378662 1 0 0.8644084199608846
309 0.9517549129535827 0.04824508704641774 0 0 0.864001317534992
310 0.44678184178081914 0.5532181582191812 1 0 0.8635944186094329
311 0.8978003321608362 0.10219966783916384 0 0 0.8631877230824827
312 0.7598921207972259 0.22366897192775867 0 0 0.8627812308524675
313 0.5424612521414323 0.45753874785856796 0 0 0.8623749418177644
314 0.2562992235179694 0.7437007764820308 1 0 0.8619688558768008
315 0.9663301955055156 0.03366980449448419 0 0 0.8615629729280555
316 0.4124081778467521 0.5710459589158695 1 0 0.8611572928700576
317 0.979401418419301 0.020598581580699153 0 0 0.8607518156013872
318 0.7542784537554571 0.24572154624454282 0 0 0.860346541020675
319 0.8428072598885364 0.15719274011146384 0 0 0.8599414690266022
320 0.8566082435937119 0.14339175640628793 0 0 0.8595365995179007
321 0.9386523972935746 0.0613476027064256 0 0 0.8591319323933535
322 0.9948728540238573 0.005127145976142402 0 0 0.8587274675517935
323 0.915952377740988 0.08404762225901245 0 0 0.8583232048921047
324 0.7974860185526351 0.20251398144736515 0 0 0.8579191443132214
325 0.8928721061422398 0.10712789385776066 0 0 0.8575152857141283
326 0.9335343910728869 0.06646560892711348 0 0 0.8571116289938607
327 0.44686218446560966 0.5366742955897001 1 0 0.8567081740515047
328 0.9640828590492609 0.035917140950739265 0 0 0.8563049207861965
329 0.8319483260172122 0.16805167398278822 0 0 0.8559018690971224
330 0.7061750082718878 0.29382499172811216 0 0 0.8554990188835201
331 0.657937707928871 0.3420622920711287 0 0 0.8550963700446765
332 0.700728067452885 0.2992719325471148 0 0 0.8546939224799296
333 0.9584714814534235 0.04152851854657697 0 0 0.8542916760886676
334 0.9414762151802866 0.05852378481971341 0 0 0.8538896307703289
335 0.973296419596182 0.026703580403818157 0 0 0.8534877864244019
336 0.5175613898152933 0.482438610184707 0 0 0.8530861429504258
337 0.8394623210673359 0.16053767893266468 0 0 0.8526847002479896
338 0.705962500733146 0.2770828305318047 0 0 0.8522834582167327
339 0.9249155089629512 0.07508449103704849 0 0 0.8518824167563444
340 0.8771365716313667 0.12286342836863373 0 0 0.8514815757665646
341 0.4989548780386598 0.5010451219613405 1 1 0.8510809351471827
342 0.7742685230039255 0.2084630918366884 0 0 0.8506804947980389
343 0.7642283300665814 0.23577166993341814 0 0 0.850280254619023
344 0.34420482602566277 0.655795173974337 1 1 0.8498802145100749
345 0.5092639727811131 0.49073602721888687 0 0 0.8494803743711846
346 0.41725070933328595 0.582749290666714 1 0 0.849080734102392
347 0.734794085521996 0.26520591447800396 0 1 0.8486812936037871
348 0.8878967589754084 0.11210324102459163 0 0 0.8482820527755098
349 0.6927543472875209 0.3072456527124792 0 0 0.8478830115177499
350 0.5771366078935521 0.4228633921064481 0 0 0.847484169730747
351 0.8813265452887077 0.1186734547112922 0 0 0.8470855273147906
352 0.49244583038426015 0.5075541696157397 1 0 0.8466870841702203
353 0.33991698593935177 0.6600830140606477 1 0 0.8462888401974251
354 0.8708348353482939 0.1291651646517066 0 0 0.8458907952968442
355 0.8005378266476848 0.19946217335231567 0 0 0.8454929493689662
356 0.47498450138140635 0.5250154986185936 1 0 0.8450953023143297
357 0.8418990876499588 0.15810091235004148 0 0 0.8446978540335229
358 0.9102845477994573 0.08971545220054304 0 0 0.8443006044271837
359 0.5936549704671561 0.4063450295328444 0 1 0.8439035533959999
360 0.6214355203855795 0.37856447961442113 0 0 0.8435067008407084
361 0.8434243018724531 0.1565756981275471 0 0 0.8431100466620963
362 0.589631458089429 0.41036854191057104 0 0 0.842713590761
363 0.7026294595088924 0.2973705404911079 0 0 0.8423173330383056
364 0.8860716422316922 0.11392835776830793 0 0 0.8419212733949486
365 0.8580142527871661 0.1419857472128341 0 0 0.841525411731914
366 0.8150119379875576 0.18498806201244233 0 0 0.8411297479502364
367 0.3460458198513511 0.653954180148649 1 1 0.840734281951
368 0.7347942967356916 0.2652057032643084 0 1 0.8403390136353381
369 0.8596121122881252 0.1403878877118752 0 0 0.8399439429044339
370 0.8911386028538997 0.10886139714610052 0 0 0.8395490696595194
371 0.2558172326667129 0.7441827673332873 1 0 0.8391543938018764
372 0.5771467483343944 0.42285325166560594 0 0 0.838759915232836
373 0.44705815080675915 0.5529418491932414 1 0 0.8383656338537786
374 0.5800960820083934 0.4199039179916064 0 0 0.8379715495661337
375 0.8757849368251079 0.12421506317489199 0 0 0.8375776622713803
376 0.37170061479284283 0.6282993852071574 1 0 0.8371839718710465
377 0.82489328877451 0.17510671122549 0 0 0.8367904782667099
378 0.7996920296456584 0.2003079703543414 0 0 0.836397181359997
379 0.7983567678601675 0.20164323213983223 0 0 0.8360040810525834
380 0.7447562667073758 0.2552437332926245 0 0 0.8356111772461942
381 0.7811269192717307 0.2188730807282695 0 0 0.8352184698426034
382 0.6820103281449783 0.3179896718550218 0 0 0.8348259587436342
383 0.5106071035991478 0.4893928964008523 0 0 0.8344336438511587
384 0.6968371414355595 0.3031628585644406 0 0 0.8340415250670983
385 0.7756670673290637 0.2243329326709364 0 0 0.8336496022934232
386 0.43350128924914905 0.5664987107508512 1 0 0.8332578754321528
387 0.6489589920508453 0.3510410079491545 0 0 0.8328663443853553
388 0.7798180371244107 0.22018196287558903 0 1 0.832475009055148
389 0.4503106630496559 0.5496893369503438 1 0 0.8320838693436969
390 0.45103506017787837 0.5489649398221217 1 0 0.8316929251532175
391 0.7677899474121072 0.23221005258789287 0 0 0.8313021763859733
392 0.6372463757990946 0.3458800693257102 0 0 0.8309116229442772
393 0.510563876499587 0.4894361235004127 0 0 0.830521264730491
394 0.6486962226305577 0.3513037773694426 0 0 0.8301311016470251
395 0.26373473471584175 0.7362652652841583 1 0 0.8297411335963385
396 0.4980471917769278 0.5019528082230722 1 0 0.8293513604809395
397 0.7756072661016777 0.22439273389832257 0 0 0.8289617822033846
398 0.7201215621733169 0.27987843782668326 0 0 0.8285723986662793
399 0.6367900156493096 0.3632099843506907 0 0 0.8281832097722779
400 0.7119083791047506 0.28809162089524953 0 0 0.8277942154240827
401 0.6056593960054643 0.3943406039945359 0 0 0.8274054155244457
402 0.742536192554755 0.25746380744524533 0 0 0.8270168099761664
403 0.5824022720847152 0.417597727915285 0 0 0.8266283986820938
404 0.35740152652334795 0.6425984734766527 1 0 0.8262401815451248
405 0.5933235353124422 0.40667646468755797 0 0 0.8258521584682053
406 0.740553458711719 0.25944654128828126 0 0 0.8254643293543295
407 0.5969966345807158 0.403003365419284 0 0 0.8250766941065399
408 0.6962845149816611 0.3037154850183386 0 0 0.824689252627928
409 0.7636153591355672 0.23638464086443264 0 0 0.8243020048216333
410 0.7561083568667675 0.24389164313323272 0 0 0.8239149505908439
411 0.768351576807602 0.2316484231923983 0 0 0.823528089838796
412 0.4567874023313836 0.5432125976686167 1 0 0.8231414224687746
413 0.6522203831390296 0.3477796168609702 0 0 0.822754948384113
414 0.7557893041114394 0.24421069588856065 0 0 0.8223686674881925
415 0.4105697860380157 0.5894302139619846 1 0 0.8219825796844428
416 0.7685860458398109 0.23141395416018976 0 0 0.821596684876342
417 0.4433385584935079 0.5407667047466052 1 0 0.8212109829674166
418 0.6056544729335515 0.3943455270664479 0 0 0.8208254738612408
419 0.7388810836082146 0.2611189163917859 0 0 0.8204401574614376
420 0.6750064722243345 0.3249935277756655 0 0 0.8200550336716778
421 0.4266791997088345 0.5733208002911652 1 0 0.8196701023956803
422 0.6074440219738027 0.3765277924086572 0 0 0.8192853635372125
423 0.7554277941949668 0.2445722058050335 0 0 0.8189008170000895
424 0.7585284910272339 0.24147150897276634 0 0 0.8185164626881748
425 0.6841946629185712 0.3158053370814287 0 0 0.8181323005053798
426 0.6881055631227333 0.3118944368772671 0 0 0.817748330355664
427 0.7563077031536662 0.243692296846334 0 0 0.8173645521430347
428 0.7005037175206222 0.29949628247937776 0 0 0.8169809657715474
429 0.368862995613422 0.6151262682197497 1 0 0.8165975711453055
430 0.531347260708576 0.4686527392914243 0 0 0.8162143681684605
431 0.7755734850359844 0.22442651496401592 0 0 0.8158313567452115
432 0.6995676208459233 0.30043237915407695 0 0 0.8154485367798057
433 0.6484881534368926 0.35151184656310713 0 0 0.8150659081765381
434 0.7608019348711984 0.2391980651288016 0 0 0.8146834708397515
435 0.784983345585166 0.21501665441483417 0 0 0.8143012246738365
436 0.6413505754886635 0.3586494245113358 0 0 0.8139191695832316
437 0.7133552911904452 0.2866447088095548 0 0 0.8135373054724233
438 0.7270294539765013 0.27297054602349813 0 0 0.8131556322459452
439 0.7409808187150272 0.2590191812849729 0 0 0.8127741498083791
440 0.7659001681414614 0.23409983185853894 0 0 0.8123928580643546
441 0.4840735348834253 0.5159264651165745 1 0 0.8120117569185484
442 0.7111599826064476 0.28884001739355264 0 0 0.8116308462756855
443 0.5928585400131836 0.40714145998681645 0 0 0.8112501260405381
444 0.806303370703768 0.19369662929623174 0 0 0.8108695961179262
445 0.49068545048218043 0.5093145495178197 1 0 0.8104892564127174
446 0.5355478140675237 0.46445218593247606 0 0 0.8101091068298264
447 0.8013254619273887 0.19867453807261182 0 0 0.8097291472742162
448 0.8208399817695298 0.17916001823047034 0 0 0.8093493776508969
449 0.8066310970048924 0.1933689029951081 0 0 0.8089697978649257
450 0.8577917875596042 0.14220821244039628 0 0 0.8085904078214082
451 0.7047480833130678 0.29525191668693224 0 0 0.8082112074254965
452 0.7991928284558665 0.2008071715441333 0 0 0.8078321965823906
453 0.5974925553318627 0.4025074446681373 0 0 0.8074533751973377
454 0.7133127569116623 0.2543783125273179 0 0 0.8070747431756327
455 0.47576888975004367 0.524231110249956 1 0 0.8066963004226173
456 0.338448916430413 0.6615510835695865 1 1 0.8063180468436811
457 0.6983062649902781 0.2855112320480465 0 0 0.8059399823442605
458 0.8112490833894491 0.18875091661055074 0 0 0.8055621068298392
459 0.7136476508645185 0.2863523491354813 0 0 0.8051844202059488
460 0.7353291941557635 0.2646708058442364 0 0 0.8048069223781673
461 0.5967384187015343 0.4032615812984657 0 0 0.8044296132521204
462 0.45532441790477285 0.5446755820952272 1 0 0.8040524927334806
463 0.7996422768172025 0.18460288106884776 0 0 0.803675560727968
464 0.8398405936753469 0.14393836877223357 0 0 0.8032988171413495
465 0.7585664407261777 0.24143355927382204 0 0 0.8029222618794393
466 0.8052561053982373 0.19474389460176272 0 0 0.8025458948480984
467 0.45031032209595645 0.5340927182697478 1 1 0.802169715953235
468 0.8076377256746954 0.19236227432530453 0 0 0.8017937251008047
469 0.7569255482098417 0.24307445179015844 0 0 0.8014179221968095
470 0.7766582251534797 0.2233417748465203 0 0 0.8010423071472988
471 0.3949394445008568 0.5884236936555005 1 0 0.8006668798583688
472 0.7296805596337712 0.270319440366229 0 0 0.8002916402361626
473 0.7831767523024126 0.216823247697587 0 0 0.7999165881868704
474 0.3887158847534248 0.5010753139467903 1 0 0.7995417236167291
475 0.7132531544976438 0.2714166001452733 0 0 0.7991670464320229
476 0.781389529263621 0.06115382297295416 0 0 0.7987925565390819
477 0.5755684443186324 0.3312983544714209 0 0 0.7984182538442841
478 0.7614100260003296 0.23858997399967002 0 0 0.7980441382540535
479 0.7625334222981153 0.23746657770188506 0 0 0.7976702096748615
480 0.7193583284781139 0.28064167152188574 0 1 0.7972964680132258
481 0.9176694393120912 0.0823305606879087 0 0 0.7969229131757108
482 0.972366095647408 0.02763390435259203 0 0 0.7965495450689283
483 0.9472613680479786 0.05273863195202157 0 0 0.7961763635995357
484 0.8227778710675834 0.17722212893241696 0 0 0.7958033686742381
485 0.898457592061472 0.10154240793852838 0 0 0.7954305601997864
486 0.9547722605581479 0.04522773944185238 0 0 0.7950579380829786
487 0.8055151532287537 0.1798844861328266 0 0 0.7946855022306593
488 0.3818548393215945 0.6181451606784056 1 0 0.7943132525497194
489 0.907853050752398 0.09214694924760161 0 0 0.7939411889470965
490 0.7270824990522123 0.27291750094778783 0 1 0.7935693113297747
491 0.7239790698192405 0.2760209301807591 0 0 0.7931976196047847
492 0.8414990296611756 0.15850097033882476 0 0 0.7928261136792034
493 0.34996509164079853 0.6500349083592013 1 0 0.7924547934601545
494 0.9670770397745212 0.03292296022547899 0 0 0.7920836588548077
495 0.9246148870831563 0.07538511291684372 0 0 0.7917127097703794
496 0.9197722881543687 0.08022771184563122 0 0 0.7913419461141326
497 0.5716467715542556 0.4117360781971165 0 0 0.7909713677933762
498 0.5756212292940668 0.424378770705933 0 0 0.7906009747154654
499 0.9610851757553988 0.03891482424460129 0 0 0.7902307667878021
500 0.669869047937766 0.3301309520622341 0 0 0.7898607439178347
501 0.4316739419400429 0.5517021284226941 1 0 0.7894909060130568
502 0.5647247277787206 0.43527527222127976 0 0 0.7891212529810094
503 0.8628395474328191 0.13716045256718065 0 0 0.7887517847292792
504 0.8169568372242322 0.18304316277576757 0 0 0.7883825011654988
505 0.9436834117899014 0.05631658821009885 0 0 0.7880134021973477
506 0.7445381287687239 0.2554618712312763 0 0 0.7876444877325509
507 0.9761492008501057 0.023850799149894124 0 0 0.7872757576788799
508 0.5675222005406574 0.4324777994593427 0 0 0.7869072119441523
509 0.7877050632633686 0.21229493673663127 0 0 0.7865388504362313
510 0.8717758486766186 0.12822415132338147 0 0 0.7861706730630269
511 0.3918687647209409 0.6081312352790591 1 0 0.7858026797324945
512 0.9070111624296376 0.07637851537846335 0 0 0.7854348703526359
513 0.8436022286021272 0.1563977713978729 0 0 0.7850672448314988
514 0.8559228814707053 0.14407711852929495 0 0 0.7846998030771766
515 0.21042919488712047 0.7895708051128797 1 1 0.784332544997809
516 0.9062702050722662 0.09372979492773412 0 0 0.7839654705015816
517 0.9468992516126242 0.05310074838737605 0 0 0.7835985794967256
518 0.6486562349503031 0.35134376504969655 0 0 0.7832318718915182
519 0.9588669372792672 0.041133062720732534 0 0 0.7828653475942827
520 0.7476257551652165 0.25237424483478377 0 0 0.782499006513388
521 0.8991984435519741 0.10080155644802581 0 0 0.7821328485572486
522 0.545244934543017 0.45475506545698297 0 0 0.7817668736343252
523 0.25746936033236734 0.7425306396676326 1 1 0.7814010816531239
524 0.9462791411234123 0.05372085887658797 0 0 0.7810354725221971
525 0.5914410728729002 0.40855892712709974 0 0 0.780670046150142
526 0.5580646562576665 0.44193534374233345 0 0 0.7803048024456023
527 0.40718206253986805 0.5928179374601328 1 0 0.7799397413172671
528 0.5109486608568692 0.489051339143131 0 1 0.7795748626738708
529 0.6221781171492956 0.3778218828507044 0 0 0.7792101664241943
530 0.5511864557376136 0.44881354426238673 0 0 0.7788456524770629
531 0.925563618703457 0.07443638129654247 0 0 0.7784813207413486
532 0.9455459604999596 0.0544540395000404 0 0 0.7781171711259682
533 0.7960791574711757 0.20392084252882434 0 0 0.7777532035398844
534 0.8587831837663484 0.14121681623365154 0 0 0.7773894178921053
535 0.8200622202507046 0.1799377797492954 0 0 0.7770258140916845
536 0.9559177221872045 0.04408227781279547 0 0 0.7766623920477208
537 0.8262705827694896 0.17372941723051047 0 0 0.776299151669359
538 0.3218614498903955 0.6781385501096043 1 0 0.775936092865789
539 0.5368575267791962 0.46314247322080376 0 0 0.7755732155462459
540 0.4584161735725133 0.5415838264274864 1 0 0.7752105196200105
541 0.6769737431635261 0.32302625683647435 0 0 0.7748480049964088
542 0.5579563083329454 0.442043691667055 0 0 0.7744856715848121
543 0.5697604280686407 0.4138563005748449 0 1 0.7741235192946371
544 0.5815158936596279 0.4184841063403722 0 0 0.7737615480353457
545 0.8739677862109649 0.12603221378903456 0 0 0.773399757716445
546 0.1900972071421679 0.8099027928578322 1 1 0.7730381482474876
547 0.7088725857586862 0.29112741424131394 0 0 0.7726767195380709
548 0.6274669278001499 0.37253307219985005 0 0 0.772315471497838
549 0.6151105660015412 0.36908394052239585 0 0 0.7719544040364766
550 0.9125721031357421 0.08742789686425781 0 0 0.77159351706372
551 0.4576543246997237 0.5423456753002763 1 0 0.7712328104893466
552 0.49640322034589957 0.5035967796541007 1 0 0.7708722842231793
553 0.8393628794222338 0.1606371205777662 0 0 0.770511938175087
554 0.17612881005745468 0.8080306419904267 1 1 0.7701517722549829
555 0.977245358637322 0.02275464136267841 0 0 0.7697917863728256
556 0.830853507230039 0.16914649276996144 0 0 0.7694319804386187
557 0.9784334086037086 0.02156659139629177 0 0 0.7690723543624107
558 0.6148378106170516 0.38516218938294894 0 0 0.768712908054295
559 0.21240083211481917 0.7875991678851808 1 1 0.76835364142441
560 0.6081551862560135 0.3918448137439865 0 0 0.7679945543829392
561 0.9145544578397246 0.08544554216027551 0 0 0.7676356468401107
562 0.45383660655649305 0.5461633934435068 1 0 0.7672769187061976
563 0.9444793016505195 0.055520698349480965 0 0 0.7669183698915178
564 0.7933278009564724 0.20667219904352752 0 0 0.7665600003064346
565 0.9002512047124704 0.09974879528752964 0 0 0.7662018098613548
566 0.22672176987426376 0.7732782301257357 1 1 0.7658437984667313
567 0.8629474636233492 0.1370525363766509 0 0 0.7654859660330613
568 0.9061466672900622 0.09385333270993793 0 0 0.7651283124708864
569 0.9466633144158882 0.053336685584111976 0 0 0.7647708376907933
570 0.8771417802694172 0.12285821973058246 0 0 0.7644135416034135
571 0.9010504555349228 0.09894954446507703 0 0 0.7640564241194228
572 0.9506507970567131 0.04934920294328746 0 0 0.7636994851495418
573 0.6880372148696727 0.3119627851303271 0 0 0.7633427246045357
574 0.2938556006445307 0.7061443993554696 1 1 0.7629861423952146
575 0.7948705834362154 0.20512941656378483 0 0 0.7626297384324328
576 0.9050307158502691 0.09496928414973091 0 0 0.7622735126270892
577 0.7447522539124409 0.25524774608755874 0 0 0.7619174648901277
578 0.5998653221449114 0.40013467785508877 0 0 0.7615615951325359
579 0.9399140602270663 0.06008593977293393 0 0 0.7612059032653468
580 0.30182926890418316 0.6981707310958166 1 0 0.760850389199637
581 0.9744027486590328 0.02559725134096688 0 0 0.7604950528465283
582 0.7398861245539605 0.26011387544604 0 0 0.7601398941171865
583 0.7092992272190793 0.29070077278092094 0 0 0.7597849129228219
584 0.7368440234161043 0.2631559765838954 0 0 0.7594301091746893
585 0.8479834331112766 0.15201656688872336 0 0 0.7590754827840877
586 0.3916036989236266 0.6083963010763735 1 0 0.7587210336623604
587 0.9731103636858113 0.02688963631418917 0 0 0.7583667617208953
588 0.18304354793649738 0.8169564520635024 1 0 0.7580126668711242
589 0.8940830869747479 0.10591691302525241 0 0 0.7576587490245236
590 0.9174765677782745 0.08252343222172548 0 0 0.7573050080926139
591 0.7372939355591993 0.2627060644408009 0 0 0.75695144398696
592 0.4328373681205326 0.5671626318794676 1 0 0.7565980566191707
593 0.46457532809411667 0.5354246719058832 1 0 0.7562448459008991
594 0.9797990856588203 0.020200914341179637 0 0 0.7558918117438429
595 0.2456773364379653 0.7543226635620344 1 1 0.7555389540597433
596 0.17028826560111185 0.8297117343988881 1 1 0.7551862727603856
597 0.7461383688382071 0.253861631161793 0 0 0.7548337677576
598 0.9696893544560049 0.030310645543994787 0 0 0.75448143896326
599 0.9764987796324526 0.02350122036754741 0 0 0.7541292862892833
600 0.6506525570011504 0.34934744299885007 0 0 0.753777309647632
601 0.977550407992134 0.0224495920078662 0 0 0.7534255089503117
602 0.7145279719094143 0.2854720280905858 0 0 0.7530738841093723
603 0.8906297892538796 0.10937021074612088 0 0 0.7527224350369075
604 0.9731887161260604 0.02681128387393983 0 0 0.7523711616450554
605 0.3725056493244127 0.6274943506755872 1 0 0.7520200638459971
606 0.6351359427557886 0.36486405724421156 0 0 0.7516691415519585
607 0.8951249515815614 0.10487504841843813 0 0 0.7513183946752089
608 0.943539076244049 0.056460923755950874 0 0 0.7509678231280615
609 0.6678942097206502 0.33210579027934983 0 0 0.7506174268228738
610 0.9345134444230118 0.06548655557698797 0 0 0.7502672056720464
611 0.6588342854910331 0.3256003164032347 0 0 0.749917159588024
612 0.6925207160547213 0.3074792839452781 0 0 0.7495672884832951
613 0.671652031828084 0.3283479681719159 0 0 0.7492175922703921
614 0.7998384821144587 0.18457420241805847 0 0 0.7488680708618907
615 0.5225368794311593 0.47746312056884027 0 0 0.7485187241704107
616 0.9192507710193029 0.08074922898069697 0 0 0.7481695521086154
617 0.9636523543142046 0.03634764568579571 0 0 0.7478205545892116
618 0.6243851498275996 0.3756148501724001 0 0 0.7474717315249502
619 0.9424635591583305 0.05753644084166975 0 0 0.7471230828286254
620 0.881171606667275 0.11882839333272469 0 0 0.7467746084130747
621 0.7519413616800528 0.2325122968396199 0 0 0.7464263081911799
622 0.9443029700956325 0.040136442989865684 0 0 0.7460781820758658
623 0.9184073099399598 0.08159269006004037 0 0 0.7457302299801009
624 0.8544805285606942 0.14551947143930566 0 0 0.745382451816897
625 0.6812190220181102 0.3187809779818895 0 0 0.7450348474993097
626 0.19452540880653502 0.8054745911934649 1 1 0.7446874169404379
627 0.8618492280394228 0.13815077196057743 0 0 0.744340160053424
628 0.7330936674824664 0.2669063325175337 0 0 0.7439930767514537
629 0.5386157101281912 0.4613842898718089 0 0 0.7436461669477562
630 0.6330604568085394 0.36693954319146094 0 0 0.743299430555604
631 0.7091702930426806 0.2908297069573193 0 0 0.742952867488313
632 0.8261527288015268 0.17384727119847337 0 0 0.7426064776592426
633 0.8414669450525538 0.15853305494744618 0 0 0.7422602609817952
634 0.718836488996851 0.2811635110031489 0 0 0.7419142173694167
635 0.46273095892249255 0.5372690410775076 1 0 0.741568346735596
636 0.979666865758011 0.020333134241988883 0 0 0.7412226489938657
637 0.8715189029283054 0.12848109707169467 0 0 0.7408771240578012
638 0.3931129175372967 0.5752702810730341 1 1 0.7405317718410214
639 0.61034219930585 0.3896578006941498 0 1 0.740186592257188
640 0.9510522073975075 0.04894779260249271 0 0 0.7398415852200064
641 0.7862699815222752 0.21373001847772477 0 0 0.7394967506432246
642 0.9203575977928522 0.07964240220714836 0 0 0.7391520884406341
643 0.8825749619588034 0.11742503804119664 0 0 0.7388075985260694
644 0.4343460993194604 0.5656539006805399 1 0 0.7384632808134077
645 0.3476147124315622 0.6523852875684375 1 1 0.7381191352165699
646 0.7326251434619256 0.2673748565380741 0 0 0.7377751616495195
647 0.9728265650079791 0.02717343499202117 0 0 0.7374313600262631
648 0.9630997532892492 0.03690024671075021 0 0 0.7370877302608503
649 0.9209331874025185 0.07906681259748156 0 0 0.7367442722673737
650 0.44893742927723274 0.5510625707227677 1 0 0.7364009859599686
651 0.931284434087087 0.06871556591291306 0 0 0.7360578712528136
652 0.18745065652022253 0.8125493434797779 1 0 0.7357149280601301
653 0.9317115634747105 0.0682884365252896 0 0 0.735372156296182
654 0.7571360278317164 0.24286397216828298 0 0 0.7350295558752767
655 0.5491299597542465 0.419185000588555 0 0 0.7346871267117638
656 0.7307345188510064 0.26926548114899307 0 0 0.7343448687200363
657 0.4575723476611279 0.5255059554794568 1 0 0.7340027818145295
658 0.8364224690106254 0.16357753098937464 0 0 0.7336608659097217
659 0.900216169438578 0.09978383056142219 0 0 0.7333191209201338
660 0.3659666517288655 0.6340333482711346 1 0 0.7329775467603299
661 0.958918780300794 0.04108121969920608 0 0 0.7326361433449161
662 0.8358673972212997 0.16413260277870065 0 0 0.7322949105885418
663 0.5717479296913607 0.4282520703086392 0 1 0.7319538484058986
664 0.5962216892728919 0.38697127919106383 0 0 0.7316129567117211
665 0.7061234221833274 0.2938765778166724 0 0 0.7312722354207863
666 0.9531602345664888 0.0299761782925434 0 1 0.730931684447914
667 0.563268791356227 0.43673120864377296 0 0 0.7305913037079662
668 0.9119443236270306 0.08805567637296952 0 0 0.7302510931158481
669 0.6643828193250313 0.33561718067496876 0 0 0.7299110525865067
670 0.4323299481362048 0.5676700518637953 1 0 0.7295711820349319
671 0.6295270854751165 0.37047291452488385 0 0 0.7292314813761562
672 0.9202524767426142 0.07974752325738622 0 0 0.7288919505252545
673 0.9338608306625404 0.06613916933745999 0 0 0.7285525893973438
674 0.5367231644753591 0.463276835524641 0 0 0.728213397907584
675 0.9500369955531046 0.049963004446895685 0 0 0.7278743759711773
676 0.31305627266806646 0.638129074574276 1 1 0.7275355235033681
677 0.9403322859416634 0.059667714058336825 0 0 0.7271968404194433
678 0.5319955107459383 0.46800448925406174 0 0 0.7268583266347322
679 0.6958346803286126 0.3041653196713878 0 0 0.7265199820646062
680 0.9243831908348131 0.07561680916518661 0 0 0.7261818066244792
681 0.27248611725576705 0.7107487578514157 1 1 0.7258438002298074
682 0.48780125995613394 0.5121987400438661 1 0 0.7255059627960893
683 0.4859206637542533 0.514079336245747 1 0 0.7251682942388652
684 0.696297688029625 0.30370231197037484 0 0 0.7248307944737185
685 0.9194077230862983 0.08059227691370205 0 0 0.7244934634162736
686 0.29903948699610394 0.7009605130038963 1 0 0.7241563009821983
687 0.444988683834699 0.5550113161653015 1 1 0.7238193070872015
688 0.7588307492537042 0.24116925074629617 0 0 0.7234824816470352
689 0.9214734898181561 0.07852651018184365 0 0 0.7231458245774928
690 0.832783282256991 0.16721671774300875 0 0 0.72280933579441
691 0.709479704560784 0.29052029543921604 0 0 0.7224730152136646
692 0.7448343528221256 0.2551656471778743 0 0 0.7221368627511766
693 0.3243974526105854 0.6756025473894146 1 0 0.7218008783229077
694 0.9217431011397927 0.07825689886020717 0 0 0.721465061844862
695 0.8770002359166433 0.1229997640833571 0 0 0.7211294132330852
696 0.9435979080937527 0.05640209190624771 0 0 0.7207939324036652
697 0.515337581354286 0.4846624186457138 0 0 0.7204586192727317
698 0.9598835676067557 0.04011643239324435 0 0 0.7201234737564566
699 0.4624268946697351 0.537573105330265 1 1 0.7197884957710535
700 0.6656624502817887 0.3343375497182114 0 0 0.7194536852327778
701 0.9004335163791781 0.09956648362082263 0 0 0.7191190420579268
702 0.8145809827704942 0.1854190172295063 0 0 0.7187845661628398
703 0.15510254018891825 0.8448974598110819 1 1 0.7184502574638979
704 0.8539437349463253 0.1460562650536748 0 0 0.7181161158775239
705 0.44302960862158164 0.5569703913784185 1 0 0.7177821413201823
706 0.5876829037570417 0.41231709624295854 0 0 0.7174483337083795
707 0.6621327457152052 0.32153768673800864 0 0 0.7171146929586635
708 0.5729322881347366 0.42706771186526354 0 0 0.7167812189876244
709 0.5081919651416374 0.49180803485836283 0 0 0.7164479117118934
710 0.9433405967479798 0.056659403252020325 0 0 0.7161147710481438
711 0.3253458976912513 0.674654102308749 1 0 0.7157817969130904
712 0.5849901485985693 0.4150098514014309 0 0 0.7154489892234898
713 0.15032878406325156 0.8496712159367482 1 1 0.7151163478961399
714 0.8363901919758031 0.16360980802419714 0 1 0.7147838728478805
715 0.626869344167717 0.3731306558322831 0 1 0.7144515639955927
716 0.9110141550239826 0.08898584497601715 0 0 0.7141194212561994
717 0.5637888240455257 0.4362111759544744 0 0 0.7137874445466649
718 0.5029417654845925 0.4970582345154075 0 0 0.7134556337839949
719 0.8980916960668711 0.10190830393312879 0 0 0.7131239888852369
720 0.32111827258459724 0.6788817274154029 1 0 0.7127925097674795
721 0.8895543258416359 0.11044567415836398 0 0 0.7124611963478531
722 0.8216655049081798 0.1783344950918203 0 0 0.7121300485435291
723 0.7780303463320474 0.22196965366795285 0 0 0.7117990662717207
724 0.9620532262929643 0.03794677370703611 0 0 0.7114682494496825
725 0.8189458666016 0.18105413339840032 0 0 0.7111375979947099
726 0.9740589545049556 0.025941045495044307 0 0 0.7108071118241404
727 0.5250038888473543 0.47499611115264584 0 0 0.7104767908553521
728 0.5755669548703288 0.42443304512967145 0 0 0.7101466350057651
729 0.756173103806264 0.2438268961937362 0 0 0.7098166441928402
730 0.8146561081740161 0.18534389182598407 0 0 0.70948681833408
731 0.692602781188697 0.3073972188113032 0 0 0.7091571573470277
732 0.9034510911758765 0.09654890882412372 0 0 0.7088276611492681
733 0.6743412363756018 0.3256587636243985 0 0 0.7084983296584272
734 0.933921036311161 0.06607896368883875 0 0 0.7081691627921721
735 0.9254969530567739 0.07450304694322582 0 0 0.7078401604682113
736 0.15846741400814104 0.8415325859918588 1 1 0.7075113226042938
737 0.8744002734503574 0.12559972654964238 0 0 0.7071826491182106
738 0.9120292972666372 0.08797070273336302 0 0 0.7068541399277931
739 0.5050003141270445 0.494999685872956 0 0 0.7065257949509139
740 0.9221800685891117 0.07781993141088847 0 0 0.706197614105487
741 0.5745122012757738 0.42548779872422626 0 0 0.7058695973094669
742 0.8126861082351434 0.18731389176485636 0 0 0.7055417444808496
743 0.8457063030035737 0.15429369699642626 0 0 0.7052140555376718
744 0.713565644013932 0.2864343559860685 0 1 0.7048865303980113
745 0.9599089250816624 0.0400910749183376 0 0 0.7045591689799868
746 0.5594497346516045 0.4405502653483955 0 0 0.704231971201758
747 0.4585354068196568 0.5239843232670511 1 0 0.7039049369815255
748 0.8205008104129339 0.17949918958706618 0 0 0.7035780662375305
749 0.5902648350314758 0.40973516496852447 0 0 0.7032513588880555
750 0.7065125287664835 0.27631561948865113 0 0 0.7029248148514237
751 0.579081191633346 0.4209188083666541 0 0 0.7025984340459989
752 0.19126251384899765 0.808737486151002 1 1 0.702272216390186
753 0.5104096911239706 0.4895903088760292 0 0 0.7019461618024306
754 0.7229328736396388 0.27706712636036185 0 0 0.7016202702012192
755 0.5320452990412137 0.4679547009587863 0 0 0.7012945415050786
756 0.8225160768873818 0.17748392311261835 0 0 0.7009689756325769
757 0.8348196340542902 0.16518036594570998 0 0 0.7006435725023222
758 0.6372614768205366 0.36273852317946353 0 0 0.7003183320329643
759 0.8747529247115173 0.1252470752884826 0 0 0.6999932541431928
760 0.5665161856430531 0.4334838143569474 0 0 0.6996683387517381
761 0.8016415224643048 0.19835847753569533 0 0 0.6993435857773715
762 0.8907124927790732 0.10928750722092696 0 0 0.6990189951389048
763 0.4877870896907674 0.4960882316727151 1 0 0.6986945667551901
764 0.8315150897112781 0.16848491028872215 0 0 0.6983703005451206
765 0.7097785798785867 0.2902214201214132 0 1 0.6980461964276296
766 0.8899523588954767 0.11004764110452282 0 0 0.697722254321691
767 0.7398570198615539 0.26014298013844595 0 0 0.6973984741463195
768 0.6804713774078162 0.3195286225921837 0 0 0.6970748558205697
769 0.9195112440291868 0.08048875597081313 0 0 0.6967513992635375
770 0.8723557848387536 0.12764421516124652 0 0 0.6964281043943583
771 0.36868291234434314 0.5991997513881331 1 0 0.6961049711322086
772 0.4577851725926189 0.5422148274073815 1 0 0.695781999396305
773 0.21740755479171284 0.7825924452082873 1 0 0.6954591891059047
774 0.5095357960791689 0.490464203920831 0 0 0.6951365401803049
775 0.41184373455378587 0.588156265446214 1 0 0.6948140525388437
776 0.9588747055651947 0.04112529443480507 0 0 0.6944917261008988
777 0.7730046577070357 0.22699534229296436 0 0 0.6941695607858889
778 0.8239527458567107 0.17604725414328928 0 0 0.6938475565132726
779 0.24184946068530228 0.7581505393146979 1 1 0.6935257132025486
780 0.6642020655189091 0.33579793448109135 0 0 0.6932040307732564
781 0.5333206635508357 0.46667933644916443 0 0 0.6928825091449753
782 0.860845433677114 0.13915456632288564 0 0 0.6925611482373247
783 0.9852950184346039 0.014704981565395682 0 0 0.6922399479699646
784 0.7879527819299985 0.2120472180700018 0 0 0.6919189082625947
785 0.9081632281866905 0.0918367718133095 0 0 0.6915980290349553
786 0.507513937811251 0.44148346748298345 0 0 0.6912773102068266
787 0.8007333263353857 0.19926667366461395 0 0 0.6909567516980287
788 0.7320969828175391 0.26790301718246085 0 0 0.690636353428422
789 0.4951104505064018 0.5048895494935987 1 0 0.690316115317907
790 0.8142362031643047 0.1689047367077013 0 0 0.6899960372864243
791 0.45956501872117794 0.5404349812788215 1 1 0.6896761192539541
792 0.6631249050304062 0.336875094969594 0 0 0.6893563611405171
793 0.7371816446170386 0.26281835538296144 0 0 0.6890367628661737
794 0.43306229415521574 0.5669377058447844 1 0 0.6887173243510244
795 0.6811159817995296 0.31888401820047046 0 0 0.6883980455152096
796 0.9556549275605135 0.04434507243948677 0 0 0.6880789262789093
797 0.8212785222267692 0.17872147777323052 0 0 0.687759966562344
798 0.26810832819235986 0.7318916718076404 1 0 0.6874411662857736
799 0.8645204611227769 0.1354795388772232 0 0 0.6871225253694981
800 0.9163050498640517 0.06407284445410724 0 0 0.6868040437338574
801 0.7264021969235064 0.2735978030764944 0 0 0.6864857212992308
802 0.5065494415104639 0.49345055848953606 0 0 0.6861675579860379
803 0.8703657155759252 0.12963428442407463 0 0 0.6858495537147378
804 0.9780179222322497 0.02198207776775037 0 0 0.6855317084058294
805 0.725944523021597 0.2740554769784029 0 0 0.6852140219798515
806 0.26122588415572195 0.7192157517906318 1 0 0.6848964943573823
807 0.9423813557555212 0.05761864424447849 0 0 0.6845791254590401
808 0.9908201205368288 0.009179879463170575 0 0 0.6842619152054825
809 0.8655585731714233 0.13444142682857665 0 0 0.683944863517407
810 0.8755571731704671 0.12444282682953288 0 0 0.6836279703155507
811 0.37161346349734303 0.6283865365026569 1 0 0.6833112355206903
812 0.9600982697293506 0.039901730270649784 0 0 0.6829946590536421
813 0.5770971208421228 0.40595090200998785 0 0 0.6826782408352619
814 0.8771518939914978 0.10583799464646654 0 0 0.6823619807864452
815 0.8251126379760799 0.15504355285446067 0 0 0.682045878828127
816 0.3347696180159905 0.6652303819840097 1 1 0.6817299348812819
817 0.5675492224216899 0.43245077757831013 0 0 0.6814141488669236
818 0.814338546586878 0.18566145341312262 0 0 0.6810985207061059
819 0.7379675730580004 0.26203242694199963 0 0 0.6807830503199217
820 0.6706134366578748 0.3293865633421261 0 0 0.6804677376295034
821 0.9738122443908673 0.02618775560913259 0 0 0.6801525825560227
822 0.476302371244541 0.5236976287554591 1 0 0.679837585020691
823 0.40419894242284854 0.5958010575771514 1 0 0.6795227449447588
824 0.8437586789948435 0.1562413210051566 0 0 0.6792080622495161
825 0.8326255506728474 0.16737444932715226 0 0 0.6788935368562923
826 0.9260060430111607 0.07399395698883927 0 0 0.678579168686456
827 0.9100942728064891 0.08990572719351098 0 0 0.678264957661415
828 0.7503604892475869 0.24963951075241267 0 0 0.6779509037026168
829 0.8758870566672085 0.12411294333279098 0 0 0.6776370067315478
830 0.721239985407911 0.27876001459208904 0 0 0.6773232666697337
831 0.9395894333925411 0.060410566607458895 0 0 0.6770096834387397
832 0.9229042040543157 0.07709579594568461 0 0 0.6766962569601696
833 0.9277935544979532 0.07220644550204744 0 0 0.6763829871556671
834 0.4231800991561599 0.5428149383307251 1 0 0.6760698739469146
835 0.9004694949174428 0.0995305050825573 0 0 0.675756917255634
836 0.45579700983504234 0.5442029901649577 1 1 0.6754441170035859
837 0.7359772910099917 0.24765166043746475 0 0 0.6751314731125703
838 0.9470981158512556 0.0529018841487446 0 0 0.6748189855044261
839 0.7905345850285677 0.2094654149714329 0 0 0.6745066541010316
840 0.46919955961181486 0.5308004403881852 1 0 0.6741944788243039
841 0.363055287004144 0.6369447129958559 1 0 0.6738824595961992
842 0.09256743836092493 0.9074325616390749 1 1 0.6735705963387126
843 0.7559983085719111 0.24400169142808853 0 0 0.6732588889738784
844 0.36852295407422686 0.5806823819655921 1 0 0.6729473374237697
845 0.2085265387007451 0.719620079604612 1 1 0.6726359416104986
846 0.6249161810954094 0.3557454428834636 0 0 0.6723247014562159
847 0.9693002500671073 0.030699749932892557 0 0 0.6720136168831121
848 0.32793448107444406 0.6720655189255558 1 0 0.6717026878134157
849 0.9648858327989713 0.015912765498314187 0 0 0.6713919141693944
850 0.6456922626257102 0.3543077373742899 0 0 0.671081295873355
851 0.6982021850410398 0.30179781495895985 0 0 0.6707708328476427
852 0.6427073394374768 0.32286408481397116 0 0 0.6704605250146418
853 0.7566389876199585 0.2433610123800419 0 0 0.6701503722967755
854 0.9902006312464119 0.009799368753588184 0 0 0.6698403746165054
855 0.7120535101609833 0.2362411772847846 0 0 0.6695305318963323
856 0.1552145838153134 0.7772701639845049 1 1 0.6692208440587953
857 0.9913180032775356 0.008681996722464478 0 0 0.6689113110264727
858 0.2622669785324475 0.6861157913160622 1 0 0.6686019327219809
859 0.9004054063557679 0.0995945936442319 0 0 0.6682927090679757
860 0.802052656558404 0.14603356699954675 0 0 0.6679836399871507
861 0.9506096426742559 0.04939035732574404 0 0 0.6676747254022392
862 0.9398929075026818 0.06010709249731843 0 0 0.6673659652360121
863 0.5713029586689002 0.4286970413310997 0 0 0.6670573594112795
864 0.8418779520306464 0.15812204796935392 0 0 0.6667489078508901
865 0.6320341677455958 0.3679658322544044 0 0 0.6664406104777307
866 0.7283930037113792 0.2716069962886213 0 0 0.6661324672147273
867 0.9588286763991618 0.04117132360083805 0 0 0.6658244779848439
868 0.9547920691215034 0.045207930878496734 0 0 0.665516642711083
869 0.8029095914402021 0.19709040855979826 0 0 0.6652089613164862
870 0.7076540803964356 0.29234591960356515 0 0 0.6649014337241329
871 0.5923534303303446 0.40764656966965573 0 0 0.6645940598571412
872 0.9424866841913557 0.05751331580864442 0 0 0.6642868396386676
873 0.9150516214096917 0.08494837859030867 0 0 0.6639797729919072
874 0.9519182156787195 0.04808178432128102 0 0 0.6636728598400933
875 0.9448240795963627 0.055175920403637516 0 0 0.6633661001064974
876 0.8187346387169516 0.18126536128304788 0 0 0.6630594937144298
877 0.7487295649600091 0.25127043503999136 0 0 0.6627530405872389
878 0.4455848249939933 0.5544151750060068 1 0 0.6624467406483112
879 0.7726579592011541 0.2273420407988458 0 1 0.6621405938210719
880 0.45020185454716116 0.5497981454528387 1 0 0.6618346000289843
881 0.9290811374726 0.05159356279813976 0 0 0.6615287591955499
882 0.9305190082648078 0.06948099173519233 0 0 0.6612230712443085
883 0.8110962358760245 0.16957487193587287 0 0 0.660917536098838
884 0.5405607237434299 0.45943927625657033 0 0 0.6606121536827546
885 0.6714540844439383 0.3285459155560623 0 0 0.660306923919713
886 0.7349147957105682 0.2650852042894321 0 0 0.6600018467334055
887 0.9094966748983433 0.09050332510165711 0 0 0.6596969220475628
888 0.52309146397463 0.4115801402315754 0 0 0.6593921497859538
889 0.9224740335768986 0.07752596642310107 0 0 0.6590875298723855
890 0.9664326219604512 0.03356737803954905 0 0 0.6587830622307028
891 0.9512832176316328 0.04871678236836701 0 0 0.6584787467847888
892 0.8540506988863028 0.14594930111369753 0 0 0.6581745834585647
893 0.8375779435850498 0.16242205641495075 0 0 0.6578705721759897
894 0.593288792782378 0.40671120721762194 0 0 0.6575667128610608
895 0.8148097032642924 0.18519029673570808 0 0 0.6572630054378134
896 0.6824836324732199 0.31751636752678025 0 0 0.6569594498303204
897 0.7050815422162576 0.2949184577837429 0 0 0.6566560459626931
898 0.9110254980019968 0.08897450199800348 0 0 0.6563527937590804
899 0.6285975850662698 0.33938017310025137 0 0 0.6560496931436693
900 0.29747336288043463 0.7025266371195654 1 1 0.6557467440406847
901 0.7663375914536574 0.2336624085463431 0 0 0.6554439463743891
902 0.7564349274155059 0.243565072584494 0 0 0.6551413000690834
903 0.53406862590952 0.46593137409047986 0 0 0.6548388050491059
904 0.7936797264506841 0.20632027354931604 0 0 0.6545364612388327
905 0.9398865130547515 0.04091558070902353 0 0 0.6542342685626781
906 0.7155085356350691 0.284491464364931 0 0 0.6539322269450936
907 0.8725955735471771 0.1274044264528226 0 0 0.653630336310569
908 0.5407437647105253 0.45925623528947446 0 1 0.6533285965836317
909 0.3940131103563603 0.6059868896436399 1 0 0.6530270076888467
910 0.8063383656478301 0.17552990072378852 0 0 0.6527255695508168
911 0.44398111363722437 0.5378801355661059 1 0 0.6524242820941824
912 0.6254306403745914 0.35533579597258247 0 1 0.6521231452436216
913 0.9046032818574228 0.09539671814257784 0 0 0.6518221589238503
914 0.7415817995266356 0.20814655791777564 0 0 0.6515213230596218
915 0.8740683262936063 0.12593167370639344 0 0 0.6512206375757272
916 0.6167982010505026 0.38320179894949763 0 0 0.6509201023969953
917 0.8584946503607203 0.14150534963928066 0 0 0.650619717448292
918 0.6039102231849336 0.3960897768150667 0 0 0.6503194826545211
919 0.8671717313451555 0.13282826865484457 0 0 0.6500193979406241
920 0.2343674733145186 0.765632526685481 1 0 0.6497194632315797
921 0.7480499916397997 0.25195000836020043 0 0 0.6494196784524042
922 0.9651594906452357 0.03484050935476451 0 0 0.6491200435281514
923 0.8647752607977468 0.13522473920225286 0 0 0.6488205583839127
924 0.6025811468234306 0.39741885317656966 0 0 0.6485212229448166
925 0.089023577597225 0.9109764224027748 1 1 0.6482220371360295
926 0.6342398211895329 0.3495652919103959 0 0 0.6479230008827548
927 0.8447473869211477 0.15525261307885266 0 0 0.6476241141102334
928 0.5809468657249643 0.4024489348867562 0 0 0.6473253767437435
929 0.868790524306718 0.13120947569328162 0 0 0.647026788708601
930 0.8280414718532847 0.15569805772142187 0 0 0.6467283499301587
931 0.7919228587175798 0.2080771412824207 0 0 0.6464300603338071
932 0.8059340988696562 0.19406590113034414 0 0 0.6461319198449736
933 0.7933401199406359 0.20665988005936414 0 0 0.6458339283891233
934 0.687946254958926 0.3120537450410736 0 0 0.6455360858917581
935 0.7146469970723763 0.2853530029276242 0 0 0.6452383922784176
936 0.5925074665299086 0.4074925334700911 0 0 0.6449408474746782
937 0.8600667744444136 0.13993322555558665 0 0 0.6446434514061538
938 0.5333497152820157 0.44996137172264783 0 0 0.6443462039984952
939 0.8702529276382853 0.12974707236171462 0 0 0.6440491051773908
940 0.672340644474154 0.3276593555258458 0 0 0.6437521548685657
941 0.7616867189470183 0.2383132810529819 0 0 0.6434553529977826
942 0.6903573003766058 0.309642699623394 0 0 0.6431586994908406
943 0.7250136891294018 0.2749863108705986 0 0 0.6428621942735768
944 0.8897991431801581 0.11020085681984203 0 0 0.6425658372718644
945 0.6040303576950432 0.37803133953964607 0 0 0.6422696284116146
946 0.8219659215549074 0.1780340784450919 0 0 0.641973567618775
947 0.9004298284383218 0.09957017156167831 0 0 0.6416776548193303
948 0.6928122495735152 0.30718775042648505 0 0 0.6413818899393023
949 0.8789487222857697 0.1210512777142303 0 0 0.6410862729047501
950 0.9889331721887035 0.01106682781129648 0 0 0.640790803641769
951 0.7693345681997006 0.23066543180029925 0 0 0.640495482076492
952 0.7237609282273074 0.27623907177269214 0 0 0.6402003081350885
953 0.7043402040453273 0.29565979595467234 0 0 0.6399052817437653
954 0.9498891996470852 0.05011080035291494 0 0 0.6396104028287655
955 0.5743402911199614 0.42565970888003835 0 0 0.6393156713163693
956 0.8317066589911711 0.16829334100882914 0 0 0.6390210871328942
957 0.5756042446411317 0.37181516303863943 0 0 0.638726650204694
958 0.7203653260020204 0.26203474326197457 0 0 0.6384323604581593
959 0.7992482271544994 0.1809839670408553 0 0 0.6381382178197178
960 0.9618026161189022 0.038197383881098244 0 0 0.6378442222158338
961 0.68174601667528 0.3182539833247202 0 0 0.6375503735730085
962 0.4391107399408067 0.5608892600591935 1 0 0.6372566718177796
963 0.7902962857880196 0.19297455294606014 0 0 0.6369631168767217
964 0.8671697677580134 0.13283023224198715 0 0 0.636669708676446
965 0.819569451791198 0.1804305482088017 0 0 0.6363764471436006
966 0.3010062715301371 0.698993728469863 1 1 0.63608333220487
967 0.9577675986302099 0.04223240136979026 0 0 0.6357903637869756
968 0.7414116583147224 0.25858834168527733 0 0 0.6354975418166752
969 0.7312850844617534 0.24908776861249318 0 0 0.6352048662207632
970 0.9098467407884439 0.09015325921155612 0 0 0.6349123369260709
971 0.6714808016798194 0.3285191983201803 0 0 0.6346199538594659
972 0.13185298843861676 0.8484858268565382 1 0 0.6343277169478523
973 0.6709656713215856 0.32903432867841464 0 0 0.634035626118171
974 0.539931903779842 0.46006809622015804 0 0 0.6337436812973992
975 0.7299927228608758 0.2700072771391242 0 1 0.6334518824125509
976 0.8321532976985265 0.1678467023014729 0 0 0.6331602293906763
977 0.9120799296726231 0.08792007032737698 0 0 0.6328687221588619
978 0.895662634262098 0.10433736573790194 0 0 0.6325773606442311
979 0.12361766199536245 0.8763823380046373 1 1 0.6322861447739436
980 0.6813920829932031 0.3186079170067972 0 0 0.6319950744751953
981 0.22536820751766695 0.7590632735768035 1 1 0.6317041496752187
982 0.8399491013961718 0.1600508986038284 0 0 0.6314133703012824
983 0.8289122553238765 0.15341112992377556 0 0 0.6311227362806918
984 0.7806614983458604 0.2039320281617255 0 0 0.6308322475407883
985 0.7246996733301176 0.2576066382880124 0 0 0.6305419040089496
986 0.20260946174879152 0.7797598665265455 1 0 0.63025170561259
987 0.4197545710379436 0.5802454289620564 1 1 0.6299616522791599
988 0.7991597668990988 0.20084023310090066 0 0 0.6296717439361458
989 0.5345676647852557 0.44904766387166994 0 0 0.6293819805110707
990 0.8249819856106989 0.13985012707949404 0 0 0.6290923619314938
991 0.7254836015923806 0.25488512408769975 0 0 0.6288028881250104
992 0.9803771150429895 0.019622884957010398 0 0 0.628513559019252
993 0.9587628002934812 0.04123719970651878 0 0 0.6282243745418864
994 0.7186115410584942 0.26175605118163114 0 0 0.6279353346206175
995 0.9788452800326908 0.021154719967309627 0 0 0.6276464391831852
996 0.8918982392596503 0.1081017607403497 0 0 0.6273576881573657
997 0.7942819232811813 0.20571807671881892 0 0 0.6270690814709713
998 0.9297611808967562 0.07023881910324414 0 0 0.6267806190518502
999 0.7629244942996267 0.23707550570037317 0 0 0.6264923008278869
1000 0.53323413220876 0.4667658677912399 0 0 0.6262041267270018
1001 0.8362029638361911 0.16379703616380886 0 0 0.6259160966771513
1002 0.675786297711946 0.32421370228805385 0 0 0.6256282106063281
1003 0.7444869097693575 0.25551309023064217 0 0 0.6253404684425605
1004 0.9572249767900207 0.04277502320997897 0 0 0.6250528701139131
1005 0.7438726934230071 0.2561273065769928 0 0 0.624765415548486
1006 0.9548542596670296 0.04514574033296999 0 0 0.624478104674416
1007 0.9286031390261992 0.07139686097380037 0 0 0.6241909374198751
1008 0.23542741084466443 0.7645725891553351 1 1 0.6239039137130715
1009 0.45731479282813264 0.5426852071718674 1 0 0.6236170334822493
1010 0.11604719664840654 0.8839528033515935 1 0 0.6233302966556885
1011 0.7731190128200863 0.20802000638858664 0 0 0.6230437031617049
1012 0.8098535558388266 0.19014644416117354 0 0 0.62275725292865
1013 0.7227993331958583 0.2576451512333086 0 0 0.6224709458849114
1014 0.35117399000048033 0.6323682106048839 1 1 0.6221847819589121
1015 0.8487846372050779 0.13255841586337344 0 0 0.6218987610791114
1016 0.7173552516399014 0.28264474836009845 0 0 0.6216128831740039
1017 0.7182017604053458 0.2817982395946544 0 0 0.6213271481721202
1018 0.4875132248540117 0.49290961476465106 1 0 0.6210415560020265
1019 0.6132986564135184 0.36706396909524813 0 0 0.6207561065923247
1020 0.8275167638916878 0.13670213463988726 0 0 0.6204707998716527
1021 0.930287005624024 0.06971299437597603 0 0 0.6201856357686835
1022 0.5683674939701115 0.377352703436439 0 0 0.6199006142121263
1023 0.3584554968273122 0.6068487982887255 1 0 0.6196157351307255
1024 0.7294433387737873 0.2705566612262136 0 0 0.6193309984532614
1025 0.9753288838595601 0.02467111614044079 0 0 0.6190464041085502
1026 0.9293034775634691 0.051420154816433215 0 0 0.6187619520254427
1027 0.9568368775154968 0.043163122484503144 0 0 0.6184776421328263
1028 0.8205742254134707 0.1601497186412516 0 0 0.6181934743596232
1029 0.8952334389224592 0.10476656107754084 0 0 0.617909448634792
1030 0.3203459587270102 0.6796540412729901 1 1 0.6176255648873256
1031 0.9247410684376121 0.07525893156238803 0 0 0.6173418230462535
1032 0.8649917331100507 0.1350082668899492 0 0 0.6170582230406401
1033 0.9929362459726968 0.007063754027303004 0 0 0.6167747647995855
1034 0.799913673289352 0.20008632671064747 0 0 0.6164914482522249
1035 0.6766018495302963 0.3233981504697037 0 0 0.6162082733277294
1036 0.26755491844242674 0.7324450815575729 1 1 0.6159252399553051
1037 0.9564677090989853 0.04353229090101461 0 0 0.6156423480641939
1038 0.07850247147018281 0.904035011159425 1 1 0.6153595975836726
1039 0.9878916110252817 0.01210838897471846 0 0 0.6150769884430536
1040 0.4812207472490449 0.5187792527509556 1 1 0.6147945205716847
1041 0.6311603996495383 0.3688396003504615 0 0 0.6145121938989488
1042 0.8044458837859063 0.1762701111557375 0 0 0.6142300083542643
1043 0.5864431605941912 0.4135568394058083 0 0 0.613947963867085
1044 0.7894388037618165 0.19122442441045642 0 0 0.6136660603668994
1045 0.9485586664138755 0.032107258306128136 0 0 0.613384297783232
1046 0.7094832817736804 0.29051671822631936 0 0 0.6131026760456418
1047 0.944892011200168 0.05510798879983214 0 0 0.6128211950837238
1048 0.9401233806721369 0.05987661932786318 0 0 0.6125398548271073
1049 0.4384410832959641 0.5615589167040359 1 1 0.6122586552054574
1050 0.40175841911542326 0.5790658637425045 1 0 0.6119775961484744
1051 0.13052629645817812 0.8342833965123524 1 1 0.6116966775858933
1052 0.9191747618073587 0.08082523819264112 0 0 0.6114158994474844
1053 0.5916437795855051 0.4083562204144952 0 0 0.6111352616630534
1054 0.5398930779996681 0.4601069220003318 0 0 0.6108547641624407
1055 0.3536389954184511 0.6463610045815487 1 0 0.610574406875522
1056 0.559519322092358 0.4404806779076417 0 0 0.6102941897322078
1057 0.9060534384944002 0.09394656150560052 0 0 0.6100141126624443
1058 0.17680614085055898 0.8073286718857462 1 1 0.6097341755962116
1059 0.4506039418369637 0.549396058163037 1 0 0.6094543784635258
1060 0.2756043402630245 0.7243956597369756 1 0 0.6091747211944375
1061 0.9294730109445988 0.07052698905540086 0 0 0.6088952037190324
1062 0.8912382624282075 0.10876173757179257 0 0 0.6086158259674311
1063 0.9776710617820318 0.022328938217968317 0 0 0.6083365878697893
1064 0.17215755679496947 0.8278424432050305 1 0 0.6080574893562972
1065 0.9813423764301391 0.01865762356986063 0 0 0.6077785303571807
1066 0.750718586712332 0.24928141328766834 0 0 0.6074997108026994
1067 0.6859558783017883 0.2966452317597323 0 0 0.6072210306231488
1068 0.8161833841032637 0.16640699691566982 0 0 0.6069424897488587
1069 0.6138600514390423 0.38613994856095724 0 0 0.606664088110194
1070 0.9553173241944762 0.044682675805523535 0 0 0.606385825637554
1071 0.1775646670478962 0.806246847289235 1 1 0.6061077022613736
1072 0.6755152916924679 0.30632170533251035 0 0 0.6058297179121216
1073 0.8284446456806456 0.1715553543193545 0 0 0.605551872520302
1074 0.8259481026734508 0.15583082237035994 0 0 0.6052741660164532
1075 0.842123586211643 0.1578764137883574 0 0 0.604996598331149
1076 0.4455536212243761 0.5361883963604066 1 0 0.6047191693949973
1077 0.8701983882430832 0.129801611756917 0 0 0.6044418791386408
1078 0.9071874277361549 0.09281257226384504 0 0 0.6041647274927568
1079 0.7213136467976671 0.27868635320233237 0 0 0.6038877143880578
1080 0.5755080076137351 0.4244919923862652 0 0 0.6036108397552902
1081 0.885644944827297 0.11435505517270296 0 0 0.6033341035252354
1082 0.9007958072631874 0.09920419273681265 0 0 0.6030575056287094
1083 0.7190946121929811 0.2809053878070192 0 0 0.6027810459965627
1084 0.9328417628774268 0.06715823712257381 0 0 0.6025047245596803
1085 0.8176593136759117 0.18234068632408817 0 0 0.602228541248982
1086 0.41077489313256305 0.5892251068674368 1 1 0.6019524959954218
1087 0.586049965749398 0.4139500342506018 0 0 0.6016765887299884
1088 0.7120529582653106 0.2518947731049287 0 0 0.6014008193837053
1089 0.6402418397249254 0.3597581602750747 0 0 0.6011251878876297
1090 0.9323832356991426 0.06761676430085763 0 0 0.600849694172854
1091 0.808247188653068 0.19175281134693212 0 0 0.6005743381705049
1092 0.967111807056411 0.03288819294358943 0 0 0.600299119811743
1093 0.43957473729488294 0.560425262705117 1 1 0.6000240390277639
1094 0.8524117909660588 0.14758820903394157 0 0 0.5997490957497975
1095 0.7663240168713387 0.1791893027631047 0 0 0.5994742899091079
1096 0.9012811237639653 0.08166439090589918 0 0 0.5991996214369936
1097 0.4012122632728614 0.5826938035567756 1 0 0.5989250902647877
0.4118167607296779
0.7572881711280065
0.7752878774566029
0.412  0.000
0.757  0.000
0.775  0.000
