0
0 0.0 0.0 0 0 1.0
1 1.000000000000001 0.0 0 1 0.9995251187302109
2 1.000000000000001 0.0 0 0 0.9990504748417063
3 1.000000000000001 0.0 0 0 0.9985760682158253
4 1.000000000000001 0.0 0 0 0.9981018987339664
5 1.000000000000001 0.0 0 1 0.9976279662775871
6 1.000000000000001 0.0 0 0 0.9971542707282044
7 0.8750000000000008 0.0 0 0 0.9966808119673941
8 1.000000000000001 0.0 0 0 0.9962075898767919
9 1.000000000000001 0.0 0 0 0.995734604338092
10 1.000000000000001 0.0 0 1 0.9952618552330482
11 0.7254894845352996 0.2745105154646996 0 0 0.9947893424434732
12 0.8415821729995067 0.15841782700049334 0 0 0.9943170658512385
13 0.8668045888254723 0.13319541117452746 0 1 0.9938450253382753
14 0.4386513463774397 0.5613486536225607 1 0 0.9933732207865733
15 0.42906465283329653 0.5709353471667037 1 0 0.9929016520781815
16 0.4850702780506705 0.5149297219493286 1 0 0.9924303190952076
17 0.5039323739388779 0.49606762606112204 0 0 0.9919592217198184
18 0.5707927149297402 0.42920728507026007 0 0 0.9914883598342394
19 0.490307426269773 0.5096925737302271 1 0 0.9910177333207555
20 0.8582431046420685 0.14175689535793148 0 0 0.9905473420617097
21 0.5637959129156044 0.43620408708439534 0 1 0.9900771859395043
22 0.17701339663874202 0.8229866033612573 1 1 0.9896072648366003
23 0.9220491278189044 0.07795087218109654 0 0 0.9891375786355174
24 0.8198601555383294 0.18013984446167156 0 0 0.988668127218834
25 0.9584999943263428 0.041500005673657865 0 1 0.9881989104691874
26 0.898410071643508 0.10158992835649287 0 0 0.9877299282692732
27 0.8822170118200093 0.11778298817999129 0 0 0.987261180501846
28 0.301761925033022 0.6982380749669785 1 0 0.9867926670497188
29 0.5060200364850707 0.49397996351493045 0 1 0.9863243877957633
30 0.7089176331478596 0.2910823668521402 0 1 0.9858563426229096
31 0.25476557640105074 0.7245356269419982 1 0 0.9853885314141463
32 0.7380913611406437 0.24069311888710732 0 0 0.9849209540525209
33 0.6916460305278369 0.2870093506882179 0 0 0.9844536104211388
34 0.7180022640491217 0.28199773595087835 0 0 0.9839865004031642
35 0.884213706905326 0.11578629309467517 0 1 0.9835196238818196
36 0.7971051797874827 0.20289482021251656 0 0 0.9830529807403857
37 0.7213571206557114 0.27864287934428855 0 0 0.9825865708622019
38 0.4806954370567296 0.5193045629432712 1 0 0.9821203941306657
39 0.8673033768380479 0.13269662316195185 0 0 0.9816544504292329
40 0.1301243902834813 0.8486710785398168 1 0 0.9811887396414175
41 0.6716109941770603 0.3283890058229396 0 0 0.9807232616507919
42 0.04668454768933799 0.9316955715287846 1 1 0.9802580163409866
43 0.8564851201543096 0.1435148798456903 0 0 0.9797930035956902
44 0.038683843110566385 0.03875751458135311 1 0 0.9793282232986495
45 0.20211093036153346 0.7978890696384664 1 1 0.9788636753336696
46 0.9140499174239306 0.0859500825760697 0 0 0.9783993595846132
47 0.7861953030018919 0.21380469699810845 0 0 0.9779352759354016
48 0.5992778629334327 0.400722137066568 0 0 0.9774714242700139
49 0.9797423599813364 0.020257640018663828 0 0 0.977007804472487
50 0.9876696010463789 0.012330398953620909 0 0 0.976544416426916
51 0.8685585720388048 0.1314414279611951 0 1 0.976081260017454
52 0.060329763200091806 0.9396702367999081 1 1 0.9756183351283119
53 0.6295577305028563 0.37044226949714354 0 0 0.9751556416437582
54 0.7023229106236692 0.29767708937633097 0 1 0.97469317944812
55 0.754013355262876 0.24598664473712403 0 1 0.9742309484257813
56 0.5916688694892188 0.4083311305107806 0 0 0.9737689484611846
57 0.24050450044967914 0.7594954995503216 1 0 0.9733071794388298
58 0.8691844922359789 0.1308155077640213 0 0 0.9728456412432746
59 0.8659575749255604 0.13404242507444064 0 0 0.9723843337591346
60 0.8980715635633397 0.10192843643666086 0 0 0.9719232568710827
61 0.7015146917879073 0.2984853082120933 0 0 0.97146241046385
62 0.9467410124091645 0.053258987590835284 0 0 0.9710017944222247
63 0.8996264512843942 0.10037354871560557 0 0 0.9705414086310526
64 0.9797532199541448 0.020246780045855457 0 0 0.9700812529752377
65 0.8837730804302617 0.11622691956973874 0 0 0.9696213273397407
66 0.9800844042248295 0.0199155957751701 0 0 0.9691616316095805
67 0.9111020925640202 0.08889790743597949 0 0 0.9687021656698327
68 0.8377177172639798 0.16228228273602052 0 1 0.9682429294056313
69 0.6998468137402759 0.30015318625972276 0 0 0.967783922702167
70 0.8562463928962963 0.1437536071037042 0 0 0.9673251454446882
71 0.9528152574179295 0.047184742582071566 0 0 0.9668665975185005
72 0.6738118764812273 0.32618812351877163 0 1 0.966408278808967
73 0.8187323132301834 0.18126768676981608 0 1 0.9659501892015078
74 0.8364261577565151 0.16357384224348473 0 0 0.9654923285816008
75 0.6715407382166682 0.3284592617833332 0 0 0.9650346968347807
76 0.09727308473306771 0.9027269152669328 1 1 0.9645772938466396
77 0.8781453232637707 0.12185467673622898 0 0 0.9641201195028267
78 0.8189897383545269 0.18101026164547332 0 1 0.9636631736890484
79 0.43698395267863677 0.5630160473213626 1 0 0.9632064562910683
80 0.13166754049424687 0.8683324595057533 1 0 0.9627499671947071
81 0.7426169545428022 0.25738304545719726 0 0 0.9622937062858423
82 0.7379034294598443 0.26209657054015634 0 1 0.9618376734504089
83 0.45132011702974667 0.548679882970253 1 1 0.9613818685743987
84 0.6943061216600607 0.3056938783399394 0 0 0.9609262915438603
85 0.7773329880593578 0.22266701194064234 0 1 0.9604709422448996
86 0.6390504938367807 0.3609495061632184 0 0 0.9600158205636791
87 0.7117242476462264 0.2882757523537729 0 1 0.9595609263864187
88 0.5745308662133334 0.4254691337866657 0 0 0.9591062595993943
89 0.7031154372663568 0.2968845627336432 0 0 0.9586518200889397
90 0.7258625900491715 0.2741374099508289 0 0 0.9581976077414449
91 0.6618977662153853 0.33810223378461424 0 1 0.9577436224433568
92 0.6701962475760627 0.32980375242393695 0 1 0.957289864081179
93 0.6791118266082088 0.3208881733917914 0 1 0.9568363325414718
94 0.6465004679760379 0.353499532023961 0 0 0.9563830277108525
95 0.6751060653661356 0.3248939346338636 0 0 0.9559299494759951
96 0.5852506714738497 0.41474932852614976 0 1 0.9554770977236295
97 0.3841253658838478 0.6158746341161531 1 0 0.9550244723405431
98 0.36111121458575196 0.6388887854142477 1 0 0.9545720732135796
99 0.2503175139182648 0.749682486081736 1 1 0.9541199002296391
100 0.6071135795488748 0.3928864204511255 0 0 0.9536679532756783
101 0.6740013085837403 0.32599869141625887 0 0 0.9532162322387105
102 0.3886767083557345 0.6113232916442656 1 1 0.9527647370058057
103 0.6483166917491703 0.3516833082508294 0 1 0.9523134674640896
104 0.24356508378089559 0.7564349162191035 1 0 0.951862423500745
105 0.5455716705406674 0.4544283294593325 0 0 0.9514116050030111
106 0.6346963416698934 0.36530365833010725 0 0 0.9509610118581833
107 0.5280668356779415 0.47193316432205856 0 1 0.950510643953613
108 0.5518649521695578 0.448135047830442 0 1 0.9500605011767084
109 0.5831114353606853 0.41688856463931495 0 0 0.9496105834149338
110 0.5627006469498179 0.43729935305018197 0 0 0.9491608905558097
111 0.624957972010135 0.37504202798986475 0 0 0.948711422486913
112 0.6498304879174593 0.3501695120825407 0 0 0.9482621790958765
113 0.27668681770604486 0.7233131822939558 1 1 0.9478131602703894
114 0.38956579457942775 0.6104342054205721 1 0 0.9473643658981972
115 0.6091111681770012 0.39088883182299866 0 0 0.9469157958671011
116 0.57127525636774 0.4287247436322593 0 0 0.9464674500649586
117 0.7391030747628389 0.26089692523716074 0 0 0.9460193283796833
118 0.4987873127294912 0.5012126872705089 1 0 0.9455714306992448
119 0.7423078223136212 0.25769217768637825 0 0 0.9451237569116685
120 0.7058481809374488 0.29415181906255056 0 0 0.9446763069050362
121 0.6268100777180685 0.3731899222819308 0 1 0.9442290805674853
122 0.70279735613146 0.2972026438685409 0 0 0.9437820777872092
123 0.6684247202681367 0.3315752797318631 0 0 0.9433352984524572
124 0.613844099819238 0.38615590018076296 0 0 0.9428887424515344
125 0.6790059461096232 0.3209940538903762 0 1 0.942442409672802
126 0.7346132076844999 0.26538679231550116 0 0 0.9419963000046766
127 0.3588006196472042 0.6411993803527952 1 1 0.9415504133356308
128 0.7082027586813148 0.29179724131868584 0 0 0.941104749554193
129 0.7470429687237408 0.252957031276259 0 0 0.9406593085489473
130 0.6445211584625028 0.35547884153749787 0 0 0.9402140902085333
131 0.7676744762754649 0.23232552372453455 0 0 0.9397690944216465
132 0.4925332356918879 0.5074667643081127 1 1 0.9393243210770379
133 0.20234807818799241 0.7976519218120072 1 0 0.9388797700635142
134 0.8088191913715177 0.19118080862848197 0 0 0.9384354412699377
135 0.6911886113618099 0.30881138863818924 0 0 0.9379913345852261
136 0.479558506050926 0.5204414939490747 1 0 0.9375474498983528
137 0.7189000418733791 0.2810999581266206 0 0 0.9371037870983466
138 0.4219349517800438 0.5780650482199557 1 0 0.9366603460742918
139 0.31728566590964097 0.6827143340903588 1 1 0.9362171267153282
140 0.9109320819336595 0.08906791806634135 0 0 0.9357741289106508
141 0.8986655946752371 0.101334405324764 0 0 0.9353313525495103
142 0.6306305235446408 0.3693694764553596 0 0 0.9348887975212126
143 0.9644585456237537 0.03554145437624648 0 0 0.9344464637151187
144 0.9718520461766564 0.028147953823343504 0 0 0.9340043510206455
145 0.7509802038990928 0.24901979610090746 0 1 0.9335624593272646
146 0.7482272634082783 0.2517727365917214 0 1 0.9331207885245031
147 0.8634821461679888 0.13651785383201137 0 0 0.9326793385019433
148 0.2931180941589985 0.7068819058410013 1 0 0.9322381091492229
149 0.78934708627701 0.2106529137229904 0 0 0.9317971003560342
150 0.30804210679967214 0.6919578932003277 1 0 0.9313563120121252
151 0.7928513928936797 0.2071486071063203 0 0 0.9309157440072989
152 0.8412542713225282 0.15874572867747155 0 0 0.9304753962314132
153 0.5246677294937115 0.4753322705062891 0 0 0.930035268574381
154 0.9552010164449265 0.04479898355507341 0 0 0.9295953609261706
155 0.27906044808542335 0.720939551914577 1 1 0.929155673176805
156 0.6671310796726864 0.332868920327314 0 0 0.9287162052163623
157 0.519991405523392 0.48000859447660854 0 1 0.9282769569349755
158 0.03608173122553406 0.9639182687744664 1 1 0.9278379282228324
159 0.7961783208245141 0.20382167917548583 0 0 0.9273991189701761
160 0.9513900073778577 0.04860999262214277 0 1 0.926960529067304
161 0.923043412908982 0.07695658709101766 0 0 0.9265221584045688
162 0.9420422139928144 0.05795778600718616 0 0 0.9260840068723777
163 0.9306792550600015 0.06932074493999872 0 0 0.9256460743611928
164 0.9353105653750986 0.06468943462490111 0 0 0.9252083607615312
165 0.813207351511037 0.18679264848896301 0 0 0.9247708659639643
166 0.604351770745171 0.3956482292548288 0 1 0.9243335898591184
167 0.05399075124997848 0.07381339146879273 1 1 0.9238965323376747
168 0.6825891807791584 0.3174108192208411 0 0 0.9234596932903685
169 0.5683708528249305 0.43162914717506945 0 0 0.9230230726079901
170 0.4556608775205677 0.5443391224794324 1 1 0.9225866701813845
171 0.5438986467244044 0.4561013532755956 0 0 0.9221504859014509
172 0.7431006486813069 0.2568993513186929 0 0 0.9217145196591434
173 0.6668651014377571 0.33313489856224254 0 1 0.9212787713454703
174 0.6410889572496774 0.3589110427503232 0 0 0.9208432408514946
175 0.8543422078055309 0.14565779219446903 0 0 0.9204079280683337
176 0.8330526011837764 0.16694739881622364 0 0 0.9199728328871594
177 0.8038341452871626 0.1961658547128369 0 0 0.9195379551991977
178 0.6522198906618997 0.34778010933810083 0 0 0.9191032948957294
179 0.37986564546778817 0.6201343545322118 1 1 0.9186688518680893
180 0.6423803653081536 0.35761963469184654 0 0 0.9182346260076668
181 0.7621337330891574 0.2378662669108422 0 0 0.9178006172059052
182 0.4621778898863678 0.5378221101136326 1 0 0.9173668253543025
183 0.9582485629196749 0.041751437080325096 0 0 0.9169332503444106
184 0.08937823523292743 0.9106217647670725 1 1 0.9164998920678359
185 0.018054286791139008 0.9819457132088611 1 0 0.9160667504162386
186 0.6041247155182781 0.3958752844817225 0 0 0.9156338252813335
187 0.46214048775605204 0.5378595122439481 1 1 0.9152011165548892
188 0.6168940842224665 0.3831059157775335 0 0 0.9147686241287286
189 0.10900796100820696 0.8909920389917935 1 0 0.9143363478947285
190 0.5739605146165988 0.42603948538340086 0 0 0.9139042877448198
191 0.9943351545693256 0.005664845430674471 0 0 0.9134724435709877
192 0.9495117949642092 0.05048820503579071 0 0 0.9130408152652709
193 0.6332244393356605 0.3667755606643396 0 1 0.9126094027197623
194 0.36019323825645444 0.6398067617435462 1 1 0.912178205826609
195 0.4421957773362808 0.5578042226637197 1 1 0.9117472244780116
196 0.9903366597762521 0.009663340223747496 0 0 0.9113164585662249
197 0.6077617088836228 0.3922382911163769 0 0 0.9108859079835573
198 0.8481206725516931 0.151879327448307 0 0 0.9104555726223711
199 0.887520369018132 0.11247963098186825 0 0 0.9100254523750826
200 0.5221981723429104 0.47780182765708995 0 0 0.9095955471341616
201 0.7524899735270977 0.24751002647290235 0 1 0.9091658567921319
202 0.8210718857207069 0.17892811427929323 0 1 0.908736381241571
203 0.8626826233296196 0.13731737667038052 0 0 0.9083071203751096
204 0.31325715263536186 0.6704166541995006 1 0 0.907878074085433
205 0.4899970236255579 0.5100029763744425 1 0 0.9074492422652793
206 0.03193572401712499 0.9680642759828754 1 1 0.9070206248074407
207 0.9353082502275055 0.06469174977249412 0 0 0.9065922216047627
208 0.4807985981104418 0.5192014018895584 1 0 0.9061640325501444
209 0.9604792834928342 0.039520716507165765 0 0 0.905736057536539
210 0.3998436746023589 0.6001563253976411 1 1 0.9053082964569523
211 0.5779406759562573 0.42205932404374313 0 0 0.9048807492044442
212 0.5773872609622545 0.4226127390377458 0 1 0.9044534156721279
213 0.4789416344030354 0.5210583655969651 1 1 0.9040262957531698
214 0.9319351823661505 0.06806481763384979 0 0 0.9035993893407902
215 0.4623192931734593 0.537680706826541 1 0 0.9031726963282625
216 0.06740129209052922 0.9325987079094709 1 1 0.9027462166089132
217 0.8438977114174788 0.1561022885825217 0 1 0.9023199500761224
218 0.7934679302619133 0.20653206973808677 0 0 0.9018938966233236
219 0.9149615378925358 0.08503846210746453 0 0 0.9014680561440035
220 0.2721798827626235 0.7278201172373764 1 1 0.9010424285317018
221 0.6827919461455233 0.31720805385447687 0 0 0.9006170136800117
222 0.21771032703381976 0.7822896729661799 1 1 0.9001918114825794
223 0.5522631168627306 0.4477368831372697 0 0 0.8997668218331044
224 0.3497998279709925 0.6502001720290077 1 0 0.8993420446253394
225 0.9694997978632042 0.030500202136796085 0 0 0.8989174797530899
226 0.4997557488627437 0.5002442511372562 1 0 0.8984931271102148
227 0.7244470919884459 0.2755529080115543 0 0 0.8980689865906258
228 0.9908386738457498 0.009161326154250513 0 0 0.8976450580882879
229 0.4964553899097078 0.5035446100902923 1 0 0.897221341497219
230 0.021561445654443685 0.9784385543455567 1 1 0.8967978367114897
231 0.5956563356412575 0.40434366435874225 0 0 0.8963745436252242
232 0.23414567511283413 0.7658543248871658 1 0 0.895951462132599
233 0.49411897008967004 0.5058810299103303 1 1 0.8955285921278436
234 0.36269136254491835 0.6373086374550818 1 1 0.8951059335052408
235 0.9794504208385932 0.02054957916140654 0 0 0.8946834861591256
236 0.4990713461313751 0.5009286538686247 1 0 0.8942612499838865
237 0.7329802617320089 0.26701973826799097 0 0 0.8938392248739643
238 0.5267970345156459 0.47320296548435414 0 0 0.8934174107238526
239 0.4063040698084622 0.5936959301915382 1 1 0.8929958074280979
240 0.4495178704884663 0.5504821295115336 1 1 0.8925744148812996
241 0.9650973751245592 0.03490262487544076 0 0 0.8921532329781094
242 0.8446148726916133 0.1553851273083861 0 0 0.8917322616132318
243 0.5958598300784017 0.40414016992159824 0 0 0.891311500681424
244 0.39350658005268246 0.6064934199473174 1 0 0.8908909500774957
245 0.983897792048208 0.01610220795179216 0 0 0.8904706096963094
246 0.45866152463726906 0.5413384753627306 1 1 0.8900504794327798
247 0.9626786747746455 0.037321325225354675 0 0 0.8896305591818745
248 0.8173415212751937 0.1826584787248067 0 1 0.8892108488386133
249 0.5892802510482544 0.41071974895174546 0 0 0.8887913482980688
250 0.9026973955841092 0.09730260441589045 0 0 0.8883720574553657
251 0.6802884406662477 0.31971155933375206 0 1 0.8879529762056811
252 0.6234152892828133 0.3765847107171869 0 0 0.8875341044442453
253 0.5391768468075168 0.46082315319248357 0 0 0.8871154420663397
254 0.3315543360473327 0.6684456639526676 1 0 0.8866969889672991
255 0.2621260253621027 0.7378739746378976 1 1 0.8862787450425101
256 0.338557647459567 0.6614423525404335 1 1 0.8858607101874116
257 0.622980210247014 0.3770197897529859 0 0 0.8854428842974952
258 0.7875848702432161 0.2124151297567839 0 0 0.885025267268304
259 0.48840774845470564 0.5115922515452949 1 0 0.8846078589954341
260 0.2662077902222647 0.7337922097777351 1 1 0.8841906593745332
261 0.4452920263382407 0.5547079736617598 1 1 0.8837736683013016
262 0.8573941896547678 0.14260581034523245 0 0 0.8833568856714914
263 0.8898619485256257 0.11013805147437457 0 0 0.8829403113809069
264 0.6138437292009026 0.3861562707990976 0 0 0.8825239453254046
265 0.610058761643712 0.38994123835628813 0 1 0.882107787400893
266 0.8017325533672951 0.19826744663270532 0 0 0.8816918375033326
267 0.8844775489991806 0.11552245100081945 0 0 0.8812760955287358
268 0.31190057501671703 0.6880994249832831 1 0 0.8808605613731673
269 0.3881052004588258 0.6118947995411745 1 0 0.8804452349327435
270 0.24380172837182185 0.7561982716281781 1 1 0.8800301161036327
271 0.7293760035194075 0.2706239964805923 0 0 0.8796152047820552
272 0.3435145878280009 0.6564854121719994 1 0 0.8792005008642834
273 0.4765037407029067 0.5234962592970938 1 1 0.878786004246641
274 0.4470349419429434 0.5529650580570565 1 0 0.8783717148255039
275 0.3698101919499626 0.6301898080500377 1 0 0.8779576324973
276 0.025148016691504273 0.974851983308496 1 1 0.8775437571585084
277 0.38920959799884147 0.6107904020011585 1 0 0.8771300887056604
278 0.8835390317228079 0.11646096827719249 0 0 0.8767166270353389
279 0.22204668657962717 0.7779533134203727 1 1 0.8763033720441786
280 0.22107862245216284 0.778921377547837 1 1 0.8758903236288655
281 0.9737872964568408 0.02621270354315951 0 0 0.8754774816861377
282 0.5077134176372419 0.49228658236275835 0 0 0.8750648461127845
283 0.4644075553343439 0.5355924446656557 1 0 0.8746524168056472
284 0.2435850751918942 0.7564149248081061 1 1 0.8742401936616183
285 0.46562034415853637 0.5343796558414634 1 1 0.8738281765776422
286 0.06629646434563703 0.9337035356543631 1 1 0.8734163654507144
287 0.8233632580932363 0.17663674190676357 0 0 0.8730047601778824
288 0.2645359290799351 0.7354640709200642 1 0 0.8725933606562447
289 0.6269051234008206 0.3730948765991796 0 0 0.8721821667829516
290 0.2877873935926724 0.7122126064073281 1 1 0.8717711784552042
291 0.6636791682432004 0.33632083175679983 0 0 0.8713603955702558
292 0.23088151564627796 0.7691184843537221 1 1 0.8709498180254107
293 0.42248053720828355 0.5775194627917168 1 0 0.8705394457180242
294 0.5282792045952476 0.47172079540475226 0 0 0.8701292785455035
295 0.48316204031011917 0.5168379596898803 1 0 0.8697193164053066
296 0.9650347091685129 0.034965290831486875 0 0 0.8693095591949432
297 0.8224905967682917 0.17750940323170816 0 0 0.8689000068119738
298 0.8884111720537706 0.11158882794622915 0 0 0.8684906591540104
299 0.4620160972115377 0.5379839027884621 1 0 0.868081516118716
300 0.36400335299296716 0.6359966470070331 1 0 0.8676725776038049
301 0.3238843484852221 0.6761156515147775 1 0 0.8672638435070424
302 0.485535007270593 0.514464992729407 1 1 0.8668553137262452
303 0.8373585159151246 0.16264148408487608 0 0 0.8664469881592806
304 0.9713738950049189 0.028626104995081704 0 0 0.8660388667040673
305 0.9148768822087829 0.08512311779121738 0 0 0.8656309492585749
306 0.19075824641274944 0.8092417535872501 1 1 0.8652232357208242
307 0.8645984508321893 0.13540154916781044 0 0 0.8648157259888866
308 0.4299714320405113 0.5700285679594889 1 0 0.8644084199608846
309 0.7397215305806737 0.2602784694193265 0 0 0.864001317534992
310 0.03016610420309873 0.9698338957969017 1 0 0.8635944186094329
311 0.7550066816374141 0.24499331836258592 0 0 0.8631877230824827
312 0.35611135869185595 0.6265057816414835 1 0 0.8627812308524675
313 0.8298541077586477 0.17014589224135182 0 0 0.8623749418177644
314 0.9910234683006631 0.008976531699336791 0 0 0.8619688558768008
315 0.6925308153961379 0.3074691846038619 0 0 0.8615629729280555
316 0.8102622431871673 0.1897377568128329 0 0 0.8611572928700576
317 0.8272493666250356 0.172750633374965 0 0 0.8607518156013872
318 0.9665036601255841 0.033496339874416206 0 0 0.860346541020675
319 0.9851000855505329 0.014899914449467087 0 0 0.8599414690266022
320 0.5236215061661941 0.47637849383380615 0 1 0.8595365995179007
321 0.7248255114048209 0.27517448859517923 0 0 0.8591319323933535
322 0.3734907138268783 0.626509286173122 1 1 0.8587274675517935
323 0.4473506372706382 0.5526493627293622 1 0 0.8583232048921047
324 0.16461584314759814 0.8353841568524019 1 0 0.8579191443132214
325 0.47371311752772005 0.5262868824722803 1 0 0.8575152857141283
326 0.5328672973620991 0.4671327026379013 0 1 0.8571116289938607
327 0.26741472325703813 0.732585276742962 1 1 0.8567081740515047
328 0.5332117573845131 0.46678824261548696 0 1 0.8563049207861965
329 0.9227206175597196 0.0772793824402809 0 0 0.8559018690971224
330 0.9645552443387576 0.03544475566124228 0 0 0.8554990188835201
331 0.3469501106794676 0.653049889320533 1 0 0.8550963700446765
332 0.36637275980862616 0.6336272401913737 1 1 0.8546939224799296
333 0.45919439736065015 0.5408056026393501 1 1 0.8542916760886676
334 0.9216669648742066 0.07833303512579297 0 1 0.8538896307703289
335 0.38594775437394196 0.6140522456260584 1 0 0.8534877864244019
336 0.015767651668764888 0.9842323483312353 1 1 0.8530861429504258
337 0.4241897869508356 0.5758102130491641 1 0 0.8526847002479896
338 0.5451344054587729 0.45486559454122694 0 1 0.8522834582167327
339 0.830207517871198 0.16979248212880202 0 0 0.8518824167563444
340 0.5989182966388825 0.4010817033611178 0 0 0.8514815757665646
341 0.028801931882029248 0.9711980681179707 1 0 0.8510809351471827
342 0.5912306587538029 0.4087693412461978 0 1 0.8506804947980389
343 0.8525033524717961 0.12958519446084765 0 0 0.850280254619023
344 0.4226810415073443 0.559410067540074 1 0 0.8498802145100749
345 0.6119964788744086 0.3880035211255917 0 0 0.8494803743711846
346 0.42161162232364247 0.5603412261892418 1 1 0.849080734102392
347 0.6974812752080596 0.28468025699476357 0 1 0.8486812936037871
348 0.38160491286010334 0.6183950871398969 1 0 0.8482820527755098
349 0.713117910333029 0.28688208966697143 0 1 0.8478830115177499
350 0.44535462279019733 0.5546453772098031 1 1 0.847484169730747
351 0.023269249873644933 0.9767307501263551 1 1 0.8470855273147906
352 0.9271458827783444 0.07285411722165562 0 0 0.8466870841702203
353 0.7846234665171247 0.21537653348287536 0 0 0.8462888401974251
354 0.5200584594474313 0.47994154055256827 0 0 0.8458907952968442
355 0.3043037510754933 0.6956962489245063 1 0 0.8454929493689662
356 0.3795552821063419 0.6204447178936586 1 0 0.8450953023143297
357 0.2892423167394228 0.7107576832605772 1 1 0.8446978540335229
358 0.05671301051085008 0.9432869894891495 1 0 0.8443006044271837
359 0.826717973045361 0.1732820269546391 0 0 0.8439035533959999
360 0.9586544377753267 0.041345562224673275 0 0 0.8435067008407084
361 0.39887652844340793 0.6011234715565921 1 0 0.8431100466620963
362 0.5903774530930173 0.40962254690698285 0 0 0.842713590761
363 0.4343556949726773 0.5656443050273228 1 1 0.8423173330383056
364 0.5381227426817509 0.46187725731824925 0 1 0.8419212733949486
365 0.24516718988522834 0.7548328101147717 1 1 0.841525411731914
366 0.15565911747978797 0.8443408825202116 1 0 0.8411297479502364
367 0.4196929690193588 0.5803070309806408 1 0 0.840734281951
368 0.08427301738768427 0.915726982612316 1 0 0.8403390136353381
369 0.9415155569917028 0.058484443008297374 0 0 0.8399439429044339
370 0.26938310681386174 0.7306168931861386 1 0 0.8395490696595194
371 0.9649267789535115 0.03507322104648849 0 0 0.8391543938018764
372 0.3618564769730265 0.638143523026974 1 0 0.838759915232836
373 0.2477671506310187 0.7522328493689812 1 1 0.8383656338537786
374 0.8082677217803319 0.19173227821966782 0 0 0.8379715495661337
375 0.7099596879090909 0.2900403120909091 0 0 0.8375776622713803
376 0.5102711405717741 0.48972885942822575 0 0 0.8371839718710465
377 0.6380590910502939 0.3619409089497061 0 0 0.8367904782667099
378 0.3702022598989953 0.6297977401010048 1 0 0.836397181359997
379 0.4289009183981592 0.5710990816018405 1 0 0.8360040810525834
380 0.4923701526833321 0.5076298473166678 1 0 0.8356111772461942
381 0.36767717559241275 0.6323228244075876 1 1 0.8352184698426034
382 0.5650243425866861 0.43497565741331384 0 1 0.8348259587436342
383 0.10658730739097493 0.893412692609025 1 1 0.8344336438511587
384 0.272529189077412 0.727470810922588 1 1 0.8340415250670983
385 0.5152111900762564 0.4670965883726555 0 0 0.8336496022934232
386 0.02218603454997694 0.977813965450023 1 0 0.8332578754321528
387 0.7122595137191802 0.26990857695243736 0 0 0.8328663443853553
388 0.7348383757425553 0.24734141275098961 0 1 0.832475009055148
389 0.7234283434405068 0.2765716565594927 0 0 0.8320838693436969
390 0.7481671833241402 0.25183281667585994 0 1 0.8316929251532175
391 0.9574607402400883 0.042539259759912004 0 0 0.8313021763859733
392 0.5765728399432253 0.4234271600567749 0 0 0.8309116229442772
393 0.960935627345747 0.039064372654253526 0 0 0.830521264730491
394 0.9552821558031833 0.04471784419681617 0 0 0.8301311016470251
395 0.7312533886865906 0.26874661131340966 0 0 0.8297411335963385
396 0.8002395367509477 0.19976046324905272 0 0 0.8293513604809395
397 0.9671402442390886 0.032859755760911574 0 0 0.8289617822033846
398 0.9784711165119856 0.02152888348801464 0 0 0.8285723986662793
399 0.7991210665551474 0.20087893344485264 0 0 0.8281832097722779
400 0.9776718724329662 0.02232812756703388 0 0 0.8277942154240827
401 0.6569521143857759 0.3430478856142241 0 0 0.8274054155244457
402 0.8566122067492097 0.1433877932507901 0 0 0.8270168099761664
403 0.9649303753698187 0.017832263444098814 0 0 0.8266283986820938
404 0.7371940187779461 0.24556981306786202 0 0 0.8262401815451248
405 0.8324612048677261 0.16753879513227457 0 1 0.8258521584682053
406 0.7956684798213222 0.1870966229884176 0 0 0.8254643293543295
407 0.9207120428775607 0.07928795712243926 0 1 0.8250766941065399
408 0.9019767285177587 0.09802327148224142 0 0 0.824689252627928
409 0.9650936056547504 0.034906394345249725 0 0 0.8243020048216333
410 0.9684679312370819 0.03153206876291862 0 0 0.8239149505908439
411 0.9291115415809573 0.07088845841904275 0 0 0.823528089838796
412 0.9446550015954723 0.05534499840452744 0 0 0.8231414224687746
413 0.6261902978409192 0.3738097021590811 0 0 0.822754948384113
414 0.9777977971015485 0.02220220289845187 0 0 0.8223686674881925
415 0.9391430686572315 0.060856931342768684 0 0 0.8219825796844428
416 0.7107001811336799 0.28929981886631984 0 0 0.821596684876342
417 0.9742691025520571 0.025730897447942585 0 0 0.8212109829674166
418 0.6816297125409035 0.3183702874590967 0 0 0.8208254738612408
419 0.10000140717664874 0.8999985928233512 1 0 0.8204401574614376
420 0.4818651736490337 0.5181348263509663 1 0 0.8200550336716778
421 0.9797117909774461 0.020288209022553887 0 0 0.8196701023956803
422 0.8372822393672911 0.16271776063270885 0 1 0.8192853635372125
423 0.9708522347782691 0.02914776522173039 0 0 0.8189008170000895
424 0.6599394380191183 0.3400605619808817 0 1 0.8185164626881748
425 0.9551584806176088 0.04484151938239176 0 0 0.8181323005053798
426 0.962355064929152 0.03764493507084699 0 0 0.817748330355664
427 0.4941867145414616 0.5058132854585385 1 0 0.8173645521430347
428 0.9632507863770481 0.03674921362295177 0 0 0.8169809657715474
429 0.6442053605951318 0.35579463940486833 0 0 0.8165975711453055
430 0.8487272725375741 0.15127272746242643 0 0 0.8162143681684605
431 0.7677673697682711 0.23223263023172916 0 0 0.8158313567452115
432 0.9289509483852352 0.07104905161476519 0 0 0.8154485367798057
433 0.41793459150549706 0.5820654084945028 1 1 0.8150659081765381
434 0.8833966224466738 0.11660337755332553 0 0 0.8146834708397515
435 0.8184750424737686 0.18152495752623163 0 0 0.8143012246738365
436 0.7359286145746484 0.26407138542535175 0 0 0.8139191695832316
437 0.6384278226953787 0.36157217730462154 0 1 0.8135373054724233
438 0.5359805063949064 0.4640194936050939 0 1 0.8131556322459452
439 0.12627173133458236 0.873728268665418 1 1 0.8127741498083791
440 0.5072477369148863 0.4927522630851137 0 0 0.8123928580643546
441 0.6513666001988281 0.3486333998011723 0 0 0.8120117569185484
442 0.728561441103292 0.27143855889670787 0 0 0.8116308462756855
443 0.27886972584216524 0.7211302741578344 1 1 0.8112501260405381
444 0.8669077241259301 0.13309227587407021 0 0 0.8108695961179262
445 0.8949667843002668 0.1050332156997335 0 0 0.8104892564127174
446 0.9376305988011143 0.06236940119888591 0 0 0.8101091068298264
447 0.8033778315783974 0.19662216842160293 0 0 0.8097291472742162
448 0.9395254703750632 0.06047452962493678 0 0 0.8093493776508969
449 0.7905977342339369 0.20940226576606308 0 0 0.8089697978649257
450 0.9862955471302189 0.013704452869780911 0 0 0.8085904078214082
451 0.6091183272083205 0.39088167279167896 0 0 0.8082112074254965
452 0.7281117687734144 0.2718882312265863 0 0 0.8078321965823906
453 0.6737207252762689 0.32627927472373097 0 0 0.8074533751973377
454 0.9872925570491582 0.012707442950841773 0 0 0.8070747431756327
455 0.8340846890836947 0.16591531091630568 0 0 0.8066963004226173
456 0.9838685155706286 0.01613148442937147 0 0 0.8063180468436811
457 0.8774925283287914 0.1225074716712087 0 0 0.8059399823442605
458 0.9855147835739084 0.014485216426091919 0 0 0.8055621068298392
459 0.9877070804909551 0.012292919509044736 0 0 0.8051844202059488
460 0.6874675327146867 0.3125324672853137 0 1 0.8048069223781673
461 0.775743748378517 0.22425625162148316 0 0 0.8044296132521204
462 0.8884377847590267 0.11156221524097375 0 0 0.8040524927334806
463 0.8766508156492409 0.12334918435075924 0 0 0.803675560727968
464 0.9848957506476806 0.015104249352319285 0 0 0.8032988171413495
465 0.6530210607856871 0.34697893921431283 0 0 0.8029222618794393
466 0.9832802636208307 0.016719736379169514 0 1 0.8025458948480984
467 0.9781773238704937 0.021822676129506283 0 0 0.802169715953235
468 0.9784252212747317 0.021574778725268397 0 0 0.8017937251008047
469 0.9817001899586352 0.018299810041364897 0 0 0.8014179221968095
470 0.7333457805801141 0.266654219419886 0 1 0.8010423071472988
471 0.6337724315651921 0.34805690164810893 0 1 0.8006668798583688
472 0.7451833462752592 0.25481665372474116 0 0 0.8002916402361626
473 0.9579594728691032 0.0420405271308966 0 0 0.7999165881868704
474 0.9620398970249888 0.037960102975011914 0 0 0.7995417236167291
475 0.666934484675686 0.3330655153243137 0 0 0.7991670464320229
476 0.9690303214791537 0.030969678520846696 0 0 0.7987925565390819
477 0.6668949109751214 0.3331050890248781 0 0 0.7984182538442841
478 0.343068164936729 0.656931835063271 1 1 0.7980441382540535
479 0.6730504545418962 0.3269495454581044 0 0 0.7976702096748615
480 0.049852424662635834 0.9501475753373644 1 1 0.7972964680132258
481 0.8209509057112269 0.17904909428877316 0 0 0.7969229131757108
482 0.7238158232361757 0.27618417676382473 0 1 0.7965495450689283
483 0.8268014737863939 0.15676010057167747 0 0 0.7961763635995357
484 0.9119619197349863 0.07157636573922554 0 0 0.7958033686742381
485 0.8563736587966696 0.14362634120333098 0 1 0.7954305601997864
486 0.9626606769120597 0.03733932308793985 0 0 0.7950579380829786
487 0.7152334048637498 0.2847665951362504 0 1 0.7946855022306593
488 0.9460278197856693 0.03728232236870021 0 0 0.7943132525497194
489 0.714814072232898 0.2851859277671017 0 1 0.7939411889470965
490 0.93607945137983 0.06392054862017066 0 0 0.7935693113297747
491 0.9123924169078969 0.08760758309210324 0 0 0.7931976196047847
492 0.8434175517416796 0.15658244825832052 0 1 0.7928261136792034
493 0.9252100136486153 0.05664495600624562 0 0 0.7924547934601545
494 0.8655574830688985 0.1162891287768355 0 0 0.7920836588548077
495 0.9355854717851737 0.04721983234237521 0 0 0.7917127097703794
496 0.6141626394899947 0.385837360510005 0 0 0.7913419461141326
497 0.9321761807549648 0.06782381924503532 0 0 0.7909713677933762
498 0.8020923512552888 0.18092970379962045 0 0 0.7906009747154654
499 0.9086177578522207 0.05720654406038083 0 0 0.7902307667878021
500 0.5774567234253432 0.42254327657465673 0 0 0.7898607439178347
501 0.628360066195823 0.3545990185016587 0 1 0.7894909060130568
502 0.8488682157431556 0.15113178425684448 0 0 0.7891212529810094
503 0.736007747901942 0.26399225209805777 0 0 0.7887517847292792
504 0.7565028195110685 0.24349718048893182 0 0 0.7883825011654988
505 0.9571283502770279 0.042871649722972166 0 0 0.7880134021973477
506 0.9713692307971594 0.02863076920284064 0 0 0.7876444877325509
507 0.9491409497843603 0.05085905021563994 0 0 0.7872757576788799
508 0.6935220473935004 0.30647795260649996 0 1 0.7869072119441523
509 0.7575508446162389 0.24244915538376088 0 0 0.7865388504362313
510 0.9157767234925626 0.08422327650743784 0 0 0.7861706730630269
511 0.6281911924756224 0.3718088075243779 0 1 0.7858026797324945
512 0.8841803687516989 0.11581963124830112 0 0 0.7854348703526359
513 0.8214815192732745 0.17851848072672558 0 1 0.7850672448314988
514 0.9160215336340014 0.08397846636599864 0 0 0.7846998030771766
515 0.8667836232798001 0.09727262404228798 0 0 0.784332544997809
516 0.9494021265661177 0.05059787343388278 0 0 0.7839654705015816
517 0.7205364287441967 0.24348526275163304 0 0 0.7835985794967256
518 0.9305445715623677 0.06945542843763197 0 0 0.7832318718915182
519 0.13249510236311823 0.7954133147892019 1 0 0.7828653475942827
520 0.1597641882981216 0.840235811701879 1 1 0.782499006513388
521 0.6137493853775196 0.38625061462248034 0 1 0.7821328485572486
522 0.6017755889694506 0.39822441103054956 0 1 0.7817668736343252
523 0.5747735519126049 0.42522644808739535 0 0 0.7814010816531239
524 0.8916760763269597 0.0900189564265783 0 0 0.7810354725221971
525 0.8035443450251544 0.17813371776333195 0 0 0.780670046150142
526 0.8951534237232045 0.10484657627679553 0 0 0.7803048024456023
527 0.9507474954367079 0.049252504563292006 0 0 0.7799397413172671
528 0.6122189860613034 0.38778101393869674 0 1 0.7795748626738708
529 0.7433405782190203 0.2566594217809797 0 0 0.7792101664241943
530 0.7679996820562727 0.21364499799350573 0 0 0.7788456524770629
531 0.9638860618911314 0.036113938108868565 0 0 0.7784813207413486
532 0.9726622209832584 0.027337779016741757 0 0 0.7781171711259682
533 0.6257887998318071 0.37421120016819265 0 0 0.7777532035398844
534 0.745003300522204 0.2549966994777957 0 1 0.7773894178921053
535 0.7559209077784308 0.24407909222156968 0 0 0.7770258140916845
536 0.9030674459888751 0.07903057734111708 0 0 0.7766623920477208
537 0.9338644289437714 0.06613557105622803 0 0 0.776299151669359
538 0.6497413469988647 0.33234353108612574 0 1 0.775936092865789
539 0.45298203063514253 0.5470179693648574 1 0 0.7755732155462459
540 0.7203091828970858 0.2796908171029144 0 1 0.7752105196200105
541 0.8276782674239206 0.1539056261415034 0 0 0.7748480049964088
542 0.823531548496173 0.158034261143229 0 0 0.7744856715848121
543 0.8406154679015747 0.1409344369875035 0 0 0.7741235192946371
544 0.8309570229051013 0.16904297709489835 0 0 0.7737615480353457
545 0.6625376055991946 0.33746239440080567 0 0 0.773399757716445
546 0.9637286595012392 0.018862166321439482 0 0 0.7730381482474876
547 0.8071297006105659 0.1928702993894341 0 0 0.7726767195380709
548 0.8957622845794072 0.10423771542059306 0 0 0.772315471497838
549 0.7774186652363566 0.22258133476364395 0 0 0.7719544040364766
550 0.9371051727288668 0.062894827271133 0 0 0.77159351706372
551 0.6437149361002608 0.35628506389973935 0 1 0.7712328104893466
552 0.9358798613285544 0.06412013867144607 0 0 0.7708722842231793
553 0.790995378210516 0.20900462178948417 0 0 0.770511938175087
554 0.9765763845623808 0.02342361543761883 0 0 0.7701517722549829
555 0.7360506767551788 0.26394932324482173 0 0 0.7697917863728256
556 0.2553760805231407 0.7446239194768592 1 0 0.7694319804386187
557 0.7039638324672369 0.2960361675327632 0 0 0.7690723543624107
558 0.9530179836499929 0.04698201635000728 0 0 0.768712908054295
559 0.9903455414223347 0.00965445857766597 0 0 0.76835364142441
560 0.9565562540973392 0.043443745902661104 0 0 0.7679945543829392
561 0.0670593874662097 0.9329406125337906 1 0 0.7676356468401107
562 0.5935595900350675 0.4064404099649323 0 0 0.7672769187061976
563 0.6084311874374794 0.39156881256252085 0 1 0.7669183698915178
564 0.8693662057653759 0.09418422950997749 0 0 0.7665600003064346
565 0.9472744992341011 0.016282928750536923 0 0 0.7662018098613548
566 0.9975273518143982 0.0024726481856018143 0 0 0.7658437984667313
567 0.18145054727419732 0.8185494527258024 1 1 0.7654859660330613
568 0.9052742434111567 0.09472575658884332 0 0 0.7651283124708864
569 0.738231904895981 0.261768095104019 0 0 0.7647708376907933
570 0.6802441522463141 0.3197558477536861 0 0 0.7644135416034135
571 0.6518510684417087 0.34814893155829096 0 0 0.7640564241194228
572 0.9667505682646249 0.015451071537873807 0 0 0.7636994851495418
573 0.894598656467573 0.08776638663833239 0 0 0.7633427246045357
574 0.9305292754081056 0.06947072459189425 0 0 0.7629861423952146
575 0.9798620951685802 0.020137904831419553 0 0 0.7626297384324328
576 0.9862983848824963 0.013701615117503799 0 0 0.7622735126270892
577 0.9780197023514574 0.0219802976485427 0 0 0.7619174648901277
578 0.9137084221109087 0.06881313489055511 0 1 0.7615615951325359
579 0.5633139786535523 0.4366860213464474 0 1 0.7612059032653468
580 0.8110530960421701 0.1535818427830166 0 0 0.760850389199637
581 0.6829905675014245 0.29928768739641737 0 0 0.7604950528465283
582 0.5646470028547734 0.41762032521383396 0 1 0.7601398941171865
583 0.7605608072113452 0.22176588125558527 0 0 0.7597849129228219
584 0.6899978679314044 0.3100021320685957 0 0 0.7594301091746893
585 0.8382125023695672 0.1265876848601778 0 1 0.7590754827840877
586 0.4962756042902162 0.4861707714172974 0 1 0.7587210336623604
587 0.5044671870932174 0.49553281290678264 0 0 0.7583667617208953
588 0.3069941860620471 0.6753911454592014 1 1 0.7580126668711242
589 0.6449694296384839 0.3550305703615163 0 1 0.7576587490245236
590 0.651006099332903 0.33164352913858264 0 0 0.7573050080926139
591 0.6319084124900823 0.33286593219934907 0 1 0.75695144398696
592 0.6359658079969157 0.3640341920030843 0 1 0.7565980566191707
593 0.615964854766696 0.36594824324194797 0 0 0.7562448459008991
594 0.7341299572981687 0.24775533770563105 0 1 0.7558918117438429
595 0.5414681153526544 0.4585318846473453 0 1 0.7555389540597433
596 0.498884702336976 0.4646337954182549 0 0 0.7551862727603856
597 0.8036075064050836 0.06907679338116565 0 0 0.7548337677576
598 0.6083159330940222 0.3916840669059778 0 0 0.75448143896326
599 0.8260051444359723 0.1739948555640279 0 0 0.7541292862892833
600 0.7386186410539378 0.26138135894606185 0 0 0.753777309647632
601 0.687746627821758 0.31225337217824195 0 1 0.7534255089503117
602 0.1469761260746465 0.8530238739253537 1 1 0.7530738841093723
603 0.8227602643609835 0.15936637543608626 0 0 0.7527224350369075
604 0.7693239265491417 0.17733732379212433 0 0 0.7523711616450554
605 0.811191561137497 0.1888084388625034 0 0 0.7520200638459971
606 0.7538728061758366 0.24612719382416337 0 0 0.7516691415519585
607 0.6551421414185066 0.3448578585814934 0 1 0.7513183946752089
608 0.7908006702772208 0.19106445882808348 0 0 0.7509678231280615
609 0.5698881662083479 0.35718122452017104 0 1 0.7506174268228738
610 0.6547485109267942 0.34525148907320546 0 0 0.7502672056720464
611 0.6819655268667892 0.3180344731332111 0 0 0.749917159588024
612 0.7739806671492475 0.22601933285075265 0 0 0.7495672884832951
613 0.5364052808608988 0.46359471913910116 0 0 0.7492175922703921
614 0.8167862955533813 0.18321370444661894 0 0 0.7488680708618907
615 0.341812455384125 0.6581875446158754 1 1 0.7485187241704107
616 0.7659559541332192 0.23404404586678093 0 0 0.7481695521086154
617 0.3942043691444759 0.5878090230118759 1 0 0.7478205545892116
618 0.8040330040649063 0.19596699593509403 0 0 0.7474717315249502
619 0.48192634105828164 0.4998126087077237 1 1 0.7471230828286254
620 0.4798524872841195 0.501634494983771 1 1 0.7467746084130747
621 0.6372496481635572 0.3445724740733314 0 0 0.7464263081911799
622 0.24747231863463814 0.7343078411983454 1 1 0.7460781820758658
623 0.6542883954362433 0.3457116045637566 0 1 0.7457302299801009
624 0.270156591397422 0.7119178852072825 1 1 0.745382451816897
625 0.20162341990163332 0.7809727006468232 1 0 0.7450348474993097
626 0.23921952248416914 0.7067184230425869 1 0 0.7446874169404379
627 0.7421609925660796 0.23969251866153962 0 0 0.744340160053424
628 0.466688728318555 0.5333112716814451 1 1 0.7439930767514537
629 0.7082400196720182 0.2917599803279814 0 0 0.7436461669477562
630 0.7316055347412692 0.23323815803259 0 0 0.743299430555604
631 0.7106417716595451 0.21755964937550368 0 0 0.742952867488313
632 0.6930534574672442 0.3069465425327559 0 1 0.7426064776592426
633 0.6222851450201388 0.37771485497986146 0 1 0.7422602609817952
634 0.7235723023799867 0.2764276976200133 0 0 0.7419142173694167
635 0.548673454838734 0.4150122550134374 0 0 0.741568346735596
636 0.5822046479409515 0.41779535205904855 0 0 0.7412226489938657
637 0.5990644795239476 0.4009355204760524 0 1 0.7408771240578012
638 0.6631755045526182 0.33682449544738147 0 0 0.7405317718410214
639 0.774582925622551 0.22541707437744893 0 0 0.740186592257188
640 0.3757147478024671 0.5717789948068773 1 1 0.7398415852200064
641 0.5422640652390436 0.45773593476095636 0 0 0.7394967506432246
642 0.5953818884152089 0.31687645153111205 0 0 0.7391520884406341
643 0.44887213943557513 0.5160344213712319 1 0 0.7388075985260694
644 0.7216476662975287 0.27835233370247114 0 0 0.7384632808134077
645 0.5960049667654218 0.40399503323457814 0 0 0.7381191352165699
646 0.343037031853939 0.6569629681460609 1 0 0.7377751616495195
647 0.6063467016713222 0.39365329832867796 0 0 0.7374313600262631
648 0.7057934100310758 0.1526493437426215 0 0 0.7370877302608503
649 0.657151092737442 0.32481385061902296 0 0 0.7367442722673737
650 0.8147725729104146 0.18522742708958562 0 0 0.7364009859599686
651 0.903883290783169 0.07797872454268046 0 0 0.7360578712528136
652 0.8776499275329985 0.12235007246700169 0 1 0.7357149280601301
653 0.735394335736745 0.26460566426325477 0 0 0.735372156296182
654 0.6267715689486011 0.37322843105139936 0 0 0.7350295558752767
655 0.7792231417118758 0.20315383199907333 0 0 0.7346871267117638
656 0.9098470856687508 0.09015291433124904 0 0 0.7343448687200363
657 0.8938874154266295 0.07076407660978853 0 0 0.7340027818145295
658 0.850289589800366 0.14971041019963413 0 0 0.7336608659097217
659 0.5243230374174217 0.4579387735200464 0 1 0.7333191209201338
660 0.9547105494406752 0.04528945055932489 0 0 0.7329775467603299
661 0.8376650762571233 0.16233492374287695 0 0 0.7326361433449161
662 0.7265820105773715 0.23888623145494176 0 0 0.7322949105885418
663 0.8594035740741656 0.12333758483466423 0 0 0.7319538484058986
664 0.5158997627957896 0.3974293193385608 0 1 0.7316129567117211
665 0.9134336998694328 0.07023488625458703 0 0 0.7312722354207863
666 0.6979047444924051 0.3020952555075951 0 0 0.730931684447914
667 0.3526552941321527 0.6298331411012436 1 0 0.7305913037079662
668 0.5344487420481442 0.465551257951856 0 0 0.7302510931158481
669 0.24995169835121792 0.7500483016487822 1 1 0.7299110525865067
670 0.4648287245566335 0.5351712754433668 1 1 0.7295711820349319
671 0.5720144305590541 0.4279855694409463 0 0 0.7292314813761562
672 0.580859259866062 0.419140740133938 0 1 0.7288919505252545
673 0.7316692079880974 0.26833079201190213 0 0 0.7285525893973438
674 0.7569227808677123 0.24307721913228802 0 0 0.728213397907584
675 0.6185456712767974 0.3636328764630115 0 0 0.7278743759711773
676 0.8610044626081189 0.12109218290986348 0 0 0.7275355235033681
677 0.5089341542534254 0.49106584574657475 0 0 0.7271968404194433
678 0.6057296593617902 0.37625194901774184 0 0 0.7268583266347322
679 0.8518002214329855 0.0638328909460468 0 0 0.7265199820646062
680 0.97881183395397 0.02118816604603011 0 0 0.7261818066244792
681 0.7340043684543718 0.2659956315456283 0 1 0.7258438002298074
682 0.6194140767243985 0.1280943247642798 0 0 0.7255059627960893
683 0.6157468639833464 0.38425313601665384 0 0 0.7251682942388652
684 0.6244165990662975 0.3755834009337027 0 0 0.7248307944737185
685 0.12933879697918804 0.8520987554168103 1 1 0.7244934634162736
686 0.9321582806776163 0.034337649192824685 0 0 0.7241563009821983
687 0.7938892233340146 0.20611077666598585 0 0 0.7238193070872015
688 0.9041059677587245 0.09589403224127571 0 0 0.7234824816470352
689 0.9848956768044681 0.015104323195531772 0 0 0.7231458245774928
690 0.6655620937685631 0.33443790623143693 0 0 0.72280933579441
691 0.8620754042276079 0.13792459577239277 0 0 0.7224730152136646
692 0.991342741131135 0.008657258868865083 0 0 0.7221368627511766
693 0.7454962073642349 0.2545037926357654 0 1 0.7218008783229077
694 0.143629390182383 0.856370609817617 1 1 0.721465061844862
695 0.6845526013004276 0.3154473986995725 0 0 0.7211294132330852
696 0.9707195560418443 0.029280443958156308 0 0 0.7207939324036652
697 0.9549114669464029 0.04508853305359699 0 0 0.7204586192727317
698 0.9308850113520388 0.0691149886479611 0 1 0.7201234737564566
699 0.9561557444560554 0.0438442555439447 0 0 0.7197884957710535
700 0.6069023084122191 0.3930976915877812 0 0 0.7194536852327778
701 0.9265649089605031 0.055502555915800715 0 0 0.7191190420579268
702 0.7831548522399646 0.2168451477600352 0 0 0.7187845661628398
703 0.5293807592099521 0.4533631853302909 0 0 0.7184502574638979
704 0.970369923676876 0.02963007632312369 0 0 0.7181161158775239
705 0.9117697958801868 0.08823020411981367 0 0 0.7177821413201823
706 0.5804084651127801 0.40223553423117214 0 0 0.7174483337083795
707 0.15988575253206594 0.8401142474679343 1 1 0.7171146929586635
708 0.6576166887261138 0.34238331127388605 0 0 0.7167812189876244
709 0.9320802894274363 0.06791971057256363 0 1 0.7164479117118934
710 0.948297922085511 0.051702077914488886 0 0 0.7161147710481438
711 0.6803451790133253 0.30164895482282933 0 0 0.7157817969130904
712 0.4820535178018992 0.4995848124146626 1 1 0.7154489892234898
713 0.7216926268815074 0.26015460452610784 0 1 0.7151163478961399
714 0.5508252268458556 0.4491747731541445 0 1 0.7147838728478805
715 0.5945192709998949 0.3877162758135295 0 1 0.7144515639955927
716 0.7973378905014953 0.20266210949850466 0 1 0.7141194212561994
717 0.7411497964930924 0.25885020350690763 0 0 0.7137874445466649
718 0.4072368603573 0.5927631396426999 1 0 0.7134556337839949
719 0.5484647646950229 0.45153523530497736 0 1 0.7131239888852369
720 0.8847622252264801 0.09659555634589355 0 0 0.7127925097674795
721 0.5975162681896934 0.3838416933225864 0 0 0.7124611963478531
722 0.6270281151016367 0.3364529382779744 0 0 0.7121300485435291
723 0.9080245311216749 0.09197546887832511 0 0 0.7117990662717207
724 0.7368179448137516 0.26318205518624865 0 0 0.7114682494496825
725 0.5696371483877241 0.43036285161227583 0 1 0.7111375979947099
726 0.6112823747369808 0.38871762526301973 0 0 0.7108071118241404
727 0.9089552177738037 0.09104478222619654 0 0 0.7104767908553521
728 0.583345704515363 0.416654295484637 0 0 0.7101466350057651
729 0.9056516106295378 0.09434838937046243 0 0 0.7098166441928402
730 0.5475733273997884 0.433691095779304 0 0 0.70948681833408
731 0.6401945096246628 0.3598054903753371 0 1 0.7091571573470277
732 0.6128191584779911 0.3686161228622018 0 1 0.7088276611492681
733 0.5723053707401202 0.40921329658332756 0 1 0.7084983296584272
734 0.20777678666391708 0.7922232133360829 1 1 0.7081691627921721
735 0.21554229331042157 0.7844577066895785 1 0 0.7078401604682113
736 0.5225343321873522 0.4774656678126479 0 0 0.7075113226042938
737 0.6623140832896608 0.33768591671033943 0 0 0.7071826491182106
738 0.4533973284446447 0.5466026715553551 1 1 0.7068541399277931
739 0.6578304756819789 0.34216952431802095 0 1 0.7065257949509139
740 0.8196677146986988 0.1614198174617733 0 0 0.706197614105487
741 0.5048404504012256 0.49515954959877456 0 0 0.7058695973094669
742 0.5694158203102297 0.4126723435995543 0 0 0.7055417444808496
743 0.5894687917346185 0.37420111367903486 0 0 0.7052140555376718
744 0.641456768712664 0.3585432312873355 0 0 0.7048865303980113
745 0.8890599362480069 0.11094006375199343 0 0 0.7045591689799868
746 0.3590264807860173 0.6409735192139827 1 0 0.704231971201758
747 0.8834048069798828 0.11659519302011725 0 0 0.7039049369815255
748 0.44707793498758697 0.5529220650124129 1 0 0.7035780662375305
749 0.6540469073489412 0.3459530926510588 0 0 0.7032513588880555
750 0.6160767933246809 0.3839232066753197 0 1 0.7029248148514237
751 0.6501416173596614 0.34985838264033803 0 0 0.7025984340459989
752 0.7085223238288401 0.29147767617115977 0 0 0.702272216390186
753 0.9149000289326211 0.0850999710673792 0 0 0.7019461618024306
754 0.9327953439304933 0.06720465606950655 0 0 0.7016202702012192
755 0.5194127403358416 0.4805872596641587 0 0 0.7012945415050786
756 0.2301229983070675 0.7698770016929327 1 1 0.7009689756325769
757 0.46388011832404674 0.5361198816759531 1 1 0.7006435725023222
758 0.33235846784156775 0.6676415321584322 1 0 0.7003183320329643
759 0.5643576600880343 0.4356423399119658 0 1 0.6999932541431928
760 0.6739636098022047 0.3260363901977951 0 0 0.6996683387517381
761 0.7115567902836584 0.2884432097163418 0 0 0.6993435857773715
762 0.5430561012123409 0.456943898787659 0 0 0.6990189951389048
763 0.6512125913102653 0.33065107365173857 0 0 0.6986945667551901
764 0.5650842883012138 0.4167270980195041 0 1 0.6983703005451206
765 0.464927921449656 0.535072078550344 1 0 0.6980461964276296
766 0.5461479273432251 0.4172385126181639 0 0 0.697722254321691
767 0.6915221866261443 0.30847781337385594 0 1 0.6973984741463195
768 0.5358699438738884 0.46413005612611125 0 1 0.6970748558205697
769 0.5274999098834903 0.47250009011651 0 0 0.6967513992635375
770 0.8141091105217773 0.18589088947822296 0 0 0.6964281043943583
771 0.5808117901870381 0.4191882098129624 0 0 0.6961049711322086
772 0.5693900162546758 0.4306099837453244 0 0 0.695781999396305
773 0.4792985490785565 0.5207014509214432 1 1 0.6954591891059047
774 0.8789759286107102 0.12102407138929028 0 0 0.6951365401803049
775 0.22205849572784891 0.7779415042721515 1 1 0.6948140525388437
776 0.4924682429099523 0.5075317570900479 1 0 0.6944917261008988
777 0.8103057746676567 0.17161332217749947 0 1 0.6941695607858889
778 0.8609043109980399 0.12105078152010566 0 0 0.6938475565132726
779 0.8624000576139704 0.11951650143422556 0 0 0.6935257132025486
780 0.4041409607059798 0.5774026478379105 1 1 0.6932040307732564
781 0.6840863357574315 0.3159136642425689 0 0 0.6928825091449753
782 0.4657152822282225 0.5342847177717777 1 0 0.6925611482373247
783 0.4688069011415778 0.5311930988584223 1 1 0.6922399479699646
784 0.5408721829679335 0.45912781703206645 0 0 0.6919189082625947
785 0.5079890666465978 0.49201093335340257 0 1 0.6915980290349553
786 0.7264973317707809 0.08724578409584684 0 0 0.6912773102068266
787 0.42269801992700123 0.5773019800729984 1 0 0.6909567516980287
788 0.4898844837800303 0.5101155162199699 1 0 0.690636353428422
789 0.48558789109931766 0.5144121089006826 1 0 0.690316115317907
790 0.7604364715450107 0.23956352845498946 0 0 0.6899960372864243
791 0.9215833861115498 0.07841661388845045 0 0 0.6896761192539541
792 0.5211004167576755 0.47889958324232446 0 1 0.6893563611405171
793 0.8820821368629242 0.11791786313707568 0 0 0.6890367628661737
794 0.5196536505253024 0.4803463494746974 0 0 0.6887173243510244
795 0.4742174571967392 0.5257825428032611 1 1 0.6883980455152096
796 0.6621857367924541 0.3378142632075456 0 0 0.6880789262789093
797 0.49654493692409385 0.5034550630759065 1 0 0.687759966562344
798 0.49082223129927804 0.509177768700722 1 1 0.6874411662857736
799 0.5235782922152236 0.1959190618214666 0 0 0.6871225253694981
800 0.4709709648672429 0.5290290351327571 1 0 0.6868040437338574
801 0.5694874085914452 0.43051259140855513 0 0 0.6864857212992308
802 0.4620453972823261 0.5379546027176743 1 0 0.6861675579860379
803 0.42520436736239203 0.5747956326376081 1 0 0.6858495537147378
804 0.21896985262465563 0.7810301473753445 1 1 0.6855317084058294
805 0.30749647719392287 0.6925035228060771 1 0 0.6852140219798515
806 0.6678529288422651 0.33214707115773456 0 0 0.6848964943573823
807 0.6651663969517012 0.33483360304829896 0 0 0.6845791254590401
808 0.5680511934700219 0.43194880652997864 0 0 0.6842619152054825
809 0.6632609494159745 0.3367390505840251 0 0 0.683944863517407
810 0.5290088836627994 0.4709911163372009 0 0 0.6836279703155507
811 0.943979627547279 0.05602037245272141 0 0 0.6833112355206903
812 0.4669641527355442 0.533035847264456 1 1 0.6829946590536421
813 0.5873541547083712 0.4126458452916292 0 0 0.6826782408352619
814 0.43104856580010154 0.5502066135429378 1 1 0.6823619807864452
815 0.42444743932473583 0.5580948744539591 1 0 0.682045878828127
816 0.7724812039871506 0.19183573128344533 0 0 0.6817299348812819
817 0.6020030520864399 0.3802830012299298 0 0 0.6814141488669236
818 0.4830557398833534 0.47923441763740476 0 0 0.6810985207061059
819 0.6248337210716873 0.3751662789283128 0 0 0.6807830503199217
820 0.788615371048799 0.15574931039792975 0 1 0.6804677376295034
821 0.4801140888205343 0.5198859111794656 1 0 0.6801525825560227
822 0.6446222067339691 0.31660745902883036 0 0 0.679837585020691
823 0.6701448261790226 0.32985517382097795 0 0 0.6795227449447588
824 0.9582922672746562 0.04170773272534359 0 0 0.6792080622495161
825 0.7103850354543142 0.2896149645456859 0 0 0.6788935368562923
826 0.7644600547813352 0.23553994521866498 0 0 0.678579168686456
827 0.5341846306074124 0.4658153693925871 0 0 0.678264957661415
828 0.7580253132618967 0.2245975633681779 0 0 0.6779509037026168
829 0.9025132313019224 0.081066495468112 0 0 0.6776370067315478
830 0.6860900532949012 0.31390994670509903 0 0 0.6773232666697337
831 0.8906148011243816 0.10938519887561864 0 0 0.6770096834387397
832 0.9456010702119195 0.03454614408187598 0 0 0.6766962569601696
833 0.6134189647904643 0.3865810352095356 0 0 0.6763829871556671
834 0.9515602635134071 0.028593430628540598 0 0 0.6760698739469146
835 0.24718720718130446 0.7528127928186957 1 1 0.675756917255634
836 0.7908847328992895 0.2091152671007105 0 0 0.6754441170035859
837 0.9719062616836192 0.028093738316380804 0 0 0.6751314731125703
838 0.6053714624543178 0.3597520104396057 0 1 0.6748189855044261
839 0.6935332536571451 0.30646674634285503 0 0 0.6745066541010316
840 0.8398537047718593 0.14218323217060988 0 1 0.6741944788243039
841 0.7962186170269306 0.18582651799882288 0 0 0.6738824595961992
842 0.5744553186650457 0.39009507097005836 0 0 0.6735705963387126
843 0.11196405140233137 0.7405455833986593 1 0 0.6732588889738784
844 0.9305361503315092 0.06946384966849102 0 0 0.6729473374237697
845 0.33285283653650144 0.6479762815784262 1 1 0.6726359416104986
846 0.6470567923243691 0.35294320767563075 0 0 0.6723247014562159
847 0.5784244947359537 0.4215755052640464 0 0 0.6720136168831121
848 0.9291969950684272 0.0708030049315727 0 0 0.6717026878134157
849 0.17799344267058154 0.7856794460578159 1 1 0.6713919141693944
850 0.6738344169229251 0.3075542913989253 0 0 0.671081295873355
851 0.7164199921353585 0.26730013830807653 0 0 0.6707708328476427
852 0.884474055250426 0.08046825397039055 0 1 0.6704605250146418
853 0.8349925850434708 0.14724458183857086 0 0 0.6701503722967755
854 0.8016699804952682 0.1627131223522311 0 0 0.6698403746165054
855 0.9573167850780747 0.04268321492192525 0 1 0.6695305318963323
856 0.7403807900967941 0.20652942005839858 0 0 0.6692208440587953
857 0.8878802028015848 0.11211979719841528 0 0 0.6689113110264727
858 0.8903014200567699 0.09179485405386867 0 1 0.6686019327219809
859 0.819597461856815 0.18040253814318472 0 1 0.6682927090679757
860 0.8248450613505831 0.17515493864941667 0 0 0.6679836399871507
861 0.44736722195754614 0.5158216683464554 1 1 0.6676747254022392
862 0.7628093640783004 0.20270567950781093 0 1 0.6673659652360121
863 0.7299437333202231 0.19740479553387866 0 0 0.6670573594112795
864 0.6774937000515611 0.2299263838587493 0 0 0.6667489078508901
865 0.6518451254901751 0.31214066906607957 0 0 0.6664406104777307
866 0.7697137235970606 0.23028627640293936 0 0 0.6661324672147273
867 0.6448655521202166 0.22602581888784565 0 0 0.6658244779848439
868 0.7958071318971215 0.2041928681028791 0 0 0.665516642711083
869 0.09971378981311686 0.8284931844126623 1 0 0.6652089613164862
870 0.7082899144055615 0.23356786724670567 0 0 0.6649014337241329
871 0.7778538986808744 0.20426142988440818 0 0 0.6645940598571412
872 0.7772152321940512 0.2227847678059489 0 0 0.6642868396386676
873 0.8222328912493301 0.15803096731373192 0 0 0.6639797729919072
874 0.7376191215241705 0.2623808784758295 0 0 0.6636728598400933
875 0.7508333248012136 0.2285992642777972 0 0 0.6633661001064974
876 0.8986946714487807 0.10130532855121929 0 0 0.6630594937144298
877 0.7321376113351629 0.26786238866483736 0 0 0.6627530405872389
878 0.7924030440743242 0.20759695592567573 0 0 0.6624467406483112
879 0.6900839693929002 0.3099160306070998 0 1 0.6621405938210719
880 0.6732962102322269 0.32670378976777303 0 0 0.6618346000289843
881 0.6216692408380975 0.37833075916190245 0 1 0.6615287591955499
882 0.7895649195321776 0.21043508046782186 0 0 0.6612230712443085
883 0.16221010096880473 0.6732535356143635 1 1 0.660917536098838
884 0.7651113551241676 0.19892831901261726 0 0 0.6606121536827546
885 0.7401096446878964 0.25989035531210375 0 0 0.660306923919713
886 0.8943572734837559 0.10564272651624462 0 0 0.6600018467334055
887 0.18504324183349205 0.796972633492184 1 1 0.6596969220475628
888 0.9065401228174802 0.09345987718251969 0 0 0.6593921497859538
889 0.8742264928110635 0.12577350718893662 0 1 0.6590875298723855
890 0.6763033263800693 0.30774077942069294 0 0 0.6587830622307028
891 0.7619902069804028 0.22194167842473206 0 0 0.6584787467847888
892 0.2189791107862354 0.7648552372696087 1 1 0.6581745834585647
893 0.661788473449033 0.33821152655096715 0 0 0.6578705721759897
894 0.894964520307485 0.10503547969251495 0 0 0.6575667128610608
895 0.693860510993031 0.2899722974201427 0 0 0.6572630054378134
896 0.7338000762329857 0.26619992376701435 0 0 0.6569594498303204
897 0.8227421567632197 0.1772578432367806 0 0 0.6566560459626931
898 0.07570782070638235 0.9242921792936176 1 1 0.6563527937590804
899 0.8616521931853249 0.13834780681467507 0 0 0.6560496931436693
900 0.792674205667892 0.2073257943321081 0 0 0.6557467440406847
901 0.7587747709138507 0.24122522908614916 0 0 0.6554439463743891
902 0.6970231620584082 0.3029768379415917 0 0 0.6551413000690834
903 0.929786838166174 0.07021316183382594 0 1 0.6548388050491059
904 0.8051895954742798 0.1948104045257205 0 0 0.6545364612388327
905 0.7481584679764149 0.25184153202358495 0 0 0.6542342685626781
906 0.6095842110326093 0.3904157889673906 0 1 0.6539322269450936
907 0.5592144209943714 0.42187471730235293 0 1 0.653630336310569
908 0.33736587105107657 0.6234415490811054 1 1 0.6533285965836317
909 0.5105413799508323 0.48945862004916785 0 1 0.6530270076888467
910 0.8624080079870736 0.1375919920129269 0 0 0.6527255695508168
911 0.631646874041564 0.3494348870607321 0 0 0.6524242820941824
912 0.6726467596289759 0.32735324037102476 0 0 0.6521231452436216
913 0.6334616491674032 0.36653835083259717 0 0 0.6518221589238503
914 0.631730545795969 0.36826945420403107 0 0 0.6515213230596218
915 0.8191090380770666 0.18089096192293336 0 0 0.6512206375757272
916 0.5785440672342298 0.4026585948094814 0 1 0.6509201023969953
917 0.7624181081139847 0.23758189188601528 0 0 0.650619717448292
918 0.5539725834152952 0.4460274165847053 0 0 0.6503194826545211
919 0.7152935906184976 0.2847064093815027 0 0 0.6500193979406241
920 0.5763303191548942 0.4236696808451056 0 1 0.6497194632315797
921 0.6161679961706762 0.38383200382932364 0 0 0.6494196784524042
922 0.7092589887831366 0.25284242280177455 0 0 0.6491200435281514
923 0.599512065682683 0.19732316504351005 0 1 0.6488205583839127
924 0.7538450913962822 0.22792436674744218 0 0 0.6485212229448166
925 0.6516828794369128 0.34831712056308733 0 1 0.6482220371360295
926 0.757144324221136 0.24285567577886416 0 0 0.6479230008827548
927 0.8377602830961713 0.14403516511866102 0 0 0.6476241141102334
928 0.37314058180507 0.62685941819493 1 0 0.6473253767437435
929 0.49471708515221896 0.505282914847781 1 0 0.647026788708601
930 0.6225984781223994 0.33804171533977573 0 0 0.6467283499301587
931 0.644823079471387 0.3551769205286128 0 1 0.6464300603338071
932 0.12555286382469308 0.8559845732059717 1 1 0.6461319198449736
933 0.4766256370570192 0.4657901254734316 0 1 0.6458339283891233
934 0.31528050793222534 0.6467677432984351 1 1 0.6455360858917581
935 0.6259492455109761 0.3740507544890241 0 0 0.6452383922784176
936 0.7186682712321772 0.2813317287678224 0 0 0.6449408474746782
937 0.6838469703169023 0.31615302968309805 0 0 0.6446434514061538
938 0.6212582577011171 0.37874174229888263 0 0 0.6443462039984952
939 0.7169978386666577 0.28300216133334244 0 1 0.6440491051773908
940 0.5562730614540199 0.42516341379794825 0 0 0.6437521548685657
941 0.5457921013159592 0.4355855691162914 0 1 0.6434553529977826
942 0.6313276582063126 0.36867234179368774 0 0 0.6431586994908406
943 0.3185785075963717 0.6814214924036288 1 0 0.6428621942735768
944 0.627868353513625 0.37213164648637537 0 1 0.6425658372718644
945 0.7643697158650973 0.23563028413490306 0 0 0.6422696284116146
946 0.5982935748824278 0.4017064251175721 0 0 0.641973567618775
947 0.20902447871967064 0.7909755212803297 1 1 0.6416776548193303
948 0.7269974342419412 0.27300256575805865 0 0 0.6413818899393023
949 0.7750780784726315 0.22492192152736842 0 0 0.6410862729047501
950 0.7358868282059782 0.2641131717940221 0 1 0.640790803641769
951 0.6326588059760174 0.3673411940239828 0 0 0.640495482076492
952 0.5654858429912905 0.4345141570087098 0 0 0.6402003081350885
953 0.6252925069194306 0.35512888872695175 0 0 0.6399052817437653
954 0.8237735037979838 0.1762264962020165 0 0 0.6396104028287655
955 0.767604895955638 0.23239510404436173 0 0 0.6393156713163693
956 0.3184387709314616 0.6619025191288818 1 1 0.6390210871328942
957 0.8041328179098944 0.19586718209010556 0 0 0.638726650204694
958 0.5825506255821546 0.39792305186559573 0 1 0.6384323604581593
959 0.7049213879175907 0.27634201361131194 0 1 0.6381382178197178
960 0.7887121825610102 0.2112878174389901 0 0 0.6378442222158338
961 0.41477049147309386 0.5852295085269063 1 0 0.6375503735730085
962 0.7256315771644106 0.25542008953769446 0 0 0.6372566718177796
963 0.37272462564668046 0.6272753743533196 1 1 0.6369631168767217
964 0.6717515688119559 0.32824843118804425 0 0 0.636669708676446
965 0.727088177093467 0.2729118229065331 0 0 0.6363764471436006
966 0.7744866062738311 0.22551339372616863 0 0 0.63608333220487
967 0.5916465239755783 0.3891194556913033 0 0 0.6357903637869756
968 0.8059763278551985 0.19402367214480126 0 0 0.6354975418166752
969 0.7808264147900915 0.21917358520990848 0 0 0.6352048662207632
970 0.22960441491368888 0.7703955850863111 1 1 0.6349123369260709
971 0.2118748424558242 0.7684612749081153 1 1 0.6346199538594659
972 0.6456354916142174 0.354364508385783 0 0 0.6343277169478523
973 0.3331969712398779 0.6461244634465365 1 1 0.634035626118171
974 0.7732951597957296 0.2267048402042701 0 0 0.6337436812973992
975 0.7182146569908143 0.26119589306059454 0 0 0.6334518824125509
976 0.6571287143636138 0.05486291096503453 0 0 0.6331602293906763
977 0.766195237030452 0.23380476296954783 0 0 0.6328687221588619
978 0.57371201871338 0.42628798128662 0 1 0.6325773606442311
979 0.8494353994950058 0.15056460050499437 0 0 0.6322861447739436
980 0.6654469618430853 0.334553038156915 0 0 0.6319950744751953
981 0.8627128900751476 0.13728710992485255 0 0 0.6317041496752187
982 0.45132981560298635 0.5486701843970136 1 1 0.6314133703012824
983 0.4922913236417821 0.48789577086315933 0 0 0.6311227362806918
984 0.6220909961120543 0.34023116339404774 0 0 0.6308322475407883
985 0.8137251556429983 0.18627484435700153 0 0 0.6305419040089496
986 0.641807899719295 0.3581921002807051 0 0 0.63025170561259
987 0.6669625972771029 0.3145519381710703 0 0 0.6299616522791599
988 0.4859560224662733 0.4779469137655136 0 0 0.6296717439361458
989 0.7017170492234793 0.2804460008891019 0 0 0.6293819805110707
990 0.41548895449612777 0.546084836640343 1 0 0.6290923619314938
991 0.7097511602743484 0.29024883972565146 0 1 0.6288028881250104
992 0.6700216447423862 0.2917057265034565 0 0 0.628513559019252
993 0.7577740178034114 0.22449947391894778 0 0 0.6282243745418864
994 0.18837967640377445 0.8116203235962257 1 1 0.6279353346206175
995 0.7807267813489555 0.20064726591882745 0 0 0.6276464391831852
996 0.622979168955851 0.3583907213621549 0 0 0.6273576881573657
997 0.6650289774081257 0.33497102259187433 0 0 0.6270690814709713
998 0.669589675039488 0.31173931585452447 0 1 0.6267806190518502
999 0.8398956468793799 0.16010435312062057 0 1 0.6264923008278869
1000 0.26423989497751604 0.7162322839853491 1 1 0.6262041267270018
1001 0.60883593918399 0.3534804032197817 0 1 0.6259160966771513
1002 0.5333548653814135 0.42816354736908 0 1 0.6256282106063281
1003 0.23529308555395165 0.7647069144460484 1 0 0.6253404684425605
1004 0.7744962470526868 0.2255037529473134 0 0 0.6250528701139131
1005 0.7265122390920861 0.27348776090791405 0 1 0.624765415548486
1006 0.4870742723141236 0.5129257276858767 1 1 0.624478104674416
1007 0.5550202283422649 0.4449797716577353 0 1 0.6241909374198751
1008 0.5012552183894172 0.49874478161058283 0 1 0.6239039137130715
1009 0.5676200345671762 0.41588916874060655 0 1 0.6236170334822493
1010 0.7952365433783145 0.13203068618885147 0 0 0.6233302966556885
1011 0.4238312223073062 0.5371954982812356 1 1 0.6230437031617049
1012 0.4290720914812039 0.5709279085187966 1 0 0.62275725292865
1013 0.6269295653350643 0.3730704346649353 0 0 0.6224709458849114
1014 0.4999402958522864 0.4823681160959036 0 1 0.6221847819589121
1015 0.34225640414000447 0.6577435958599953 1 1 0.6218987610791114
1016 0.4668195986250864 0.5331804013749141 1 1 0.6216128831740039
1017 0.33588564106936986 0.66411435893063 1 1 0.6213271481721202
1018 0.6857675721355012 0.31423242786449895 0 0 0.6210415560020265
1019 0.5604324717833542 0.4395675282166459 0 0 0.6207561065923247
1020 0.39906810257735414 0.5819634446085039 1 1 0.6204707998716527
1021 0.5902143057753305 0.3909793866495572 0 1 0.6201856357686835
1022 0.6726653983412887 0.32733460165871103 0 0 0.6199006142121263
1023 0.5142947016189311 0.4670497102403215 0 0 0.6196157351307255
1024 0.46480293020354935 0.5155716241496305 1 1 0.6193309984532614
1025 0.3580225562450523 0.6218505957168017 1 0 0.6190464041085502
1026 0.5281997936698483 0.43150186711203264 0 0 0.6187619520254427
1027 0.4686537854809973 0.4712414284313382 1 1 0.6184776421328263
1028 0.728782885905277 0.2523544736137747 0 0 0.6181934743596232
1029 0.6766242080104272 0.2874822601652106 0 0 0.617909448634792
1030 0.27124058041695537 0.7117580832147683 1 1 0.6176255648873256
1031 0.6432046596097556 0.35679534039024474 0 0 0.6173418230462535
1032 0.22202472225983283 0.777975277740167 1 1 0.6170582230406401
1033 0.7561016186129714 0.24389838138702888 0 0 0.6167747647995855
1034 0.37175450716011305 0.6282454928398868 1 0 0.6164914482522249
1035 0.6614460668705069 0.3385539331294931 0 0 0.6162082733277294
1036 0.64933638025268 0.35066361974731974 0 0 0.6159252399553051
1037 0.4126645419627336 0.5873354580372667 1 0 0.6156423480641939
1038 0.6912628123526976 0.30873718764730235 0 0 0.6153595975836726
1039 0.7528610409418477 0.24713895905815259 0 0 0.6150769884430536
1040 0.45608176717921917 0.5246007102157904 1 0 0.6147945205716847
1041 0.5284639934446537 0.4715360065553465 0 1 0.6145121938989488
1042 0.6066186713713303 0.39338132862866965 0 0 0.6142300083542643
1043 0.702667229975418 0.2793252604155027 0 0 0.613947963867085
1044 0.4435397318985795 0.5564602681014201 1 1 0.6136660603668994
1045 0.7816836417656898 0.21831635823431028 0 0 0.613384297783232
1046 0.27912287359047844 0.7208771264095218 1 1 0.6131026760456418
1047 0.6990702835158414 0.3009297164841585 0 0 0.6128211950837238
1048 0.2079637229455503 0.7742607251390614 1 1 0.6125398548271073
1049 0.5787833296029018 0.4212166703970986 0 0 0.6122586552054574
1050 0.20312155555310338 0.7968784444468965 1 1 0.6119775961484744
1051 0.7219988254523051 0.2780011745476953 0 0 0.6116966775858933
1052 0.751750738478172 0.24824926152182825 0 0 0.6114158994474844
1053 0.650723981642713 0.34927601835728694 0 0 0.6111352616630534
1054 0.526739423314031 0.47326057668596916 0 0 0.6108547641624407
1055 0.5480821329211584 0.3702080967378355 0 1 0.610574406875522
1056 0.4752118013932062 0.5247881986067938 1 1 0.6102941897322078
1057 0.5997291768733951 0.40027082312660495 0 1 0.6100141126624443
1058 0.708802144777184 0.2911978552228159 0 0 0.6097341755962116
1059 0.6543868061412539 0.3456131938587461 0 0 0.6094543784635258
1060 0.25928703637504 0.6229267758613306 1 0 0.6091747211944375
1061 0.47337094781781347 0.5266290521821868 1 0 0.6088952037190324
1062 0.28149802729623596 0.7014198811494257 1 1 0.6086158259674311
1063 0.42247312440605483 0.5775268755939456 1 0 0.6083365878697893
1064 0.7000762636137893 0.26272570747893453 0 0 0.6080574893562972
1065 0.18463342086178108 0.7974372275636847 1 1 0.6077785303571807
1066 0.39019012870480824 0.6098098712951917 1 1 0.6074997108026994
1067 0.5338237159747623 0.46617628402523764 0 0 0.6072210306231488
1068 0.7554846760547642 0.24451532394523598 0 0 0.6069424897488587
1069 0.7119664696648935 0.22645772296185937 0 1 0.606664088110194
1070 0.7586199981031183 0.24138000189688194 0 0 0.606385825637554
1071 0.4728373039457465 0.510398403346421 1 1 0.6061077022613736
1072 0.6869811301527652 0.3130188698472346 0 0 0.6058297179121216
1073 0.6675386407314359 0.33246135926856457 0 0 0.605551872520302
1074 0.6517268160750789 0.30765959298218065 0 0 0.6052741660164532
1075 0.7953596008673227 0.20464039913267768 0 0 0.604996598331149
1076 0.29641451099347194 0.6613558048108844 1 1 0.6047191693949973
1077 0.6290626309187386 0.3709373690812618 0 0 0.6044418791386408
1078 0.20155268053666842 0.7984473194633317 1 0 0.6041647274927568
1079 0.70777498014065 0.2922250198593503 0 0 0.6038877143880578
1080 0.7540830833514374 0.2251359110779752 0 0 0.6036108397552902
1081 0.3343780006461927 0.6656219993538074 1 0 0.6033341035252354
1082 0.27626552304949364 0.7237344769505061 1 1 0.6030575056287094
1083 0.2519722897200439 0.7480277102799561 1 1 0.6027810459965627
1084 0.7822406556865376 0.2177593443134622 0 0 0.6025047245596803
1085 0.5605491575559454 0.42008965463659 0 0 0.602228541248982
1086 0.34690421573232305 0.6530957842676771 1 0 0.6019524959954218
1087 0.540361385588053 0.43881253093344436 0 0 0.6016765887299884
1088 0.4716073565673879 0.5283926434326122 1 0 0.6014008193837053
1089 0.41325060338292086 0.5867493966170791 1 1 0.6011251878876297
1090 0.6800082797937125 0.30196407759709376 0 1 0.600849694172854
1091 0.37143438290693204 0.628565617093068 1 0 0.6005743381705049
1092 0.3444232835990827 0.6555767164009173 1 0 0.600299119811743
1093 0.3792185582191647 0.6207814417808356 1 0 0.6000240390277639
1094 0.27296957447218506 0.7058291372035171 1 0 0.5997490957497975
1095 0.6914352566504004 0.28724140803353587 0 0 0.5994742899091079
1096 0.4765563247744177 0.5020889774050291 1 0 0.5991996214369936
1097 0.6592334711425429 0.34076652885745745 0 0 0.5989250902647877
1098 0.7991922844534655 0.20080771554653443 0 0 0.598650696323857
1099 0.23983598994547733 0.7601640100545226 1 0 0.5983764395456033
1100 0.8113156744356724 0.18868432556432782 0 0 0.5981023198614623
1101 0.6907176723391142 0.2876229422353266 0 1 0.5978283372029043
1102 0.4912587975901542 0.508741202409846 1 1 0.5975544915014334
1103 0.777849912672414 0.22215008732758595 0 0 0.5972807826885881
1104 0.7907697427162437 0.2092302572837566 0 0 0.5970072106959413
1105 0.8024268548003411 0.1975731451996587 0 0 0.5967337754551001
1106 0.7249846144439946 0.2750153855560053 0 0 0.5964604768977056
1107 0.37250539626343804 0.606839002807021 1 1 0.5961873149554333
1108 0.3912848076512009 0.5687899325981278 1 0 0.5959142895599925
1109 0.2169924166105 0.7643061028534476 1 1 0.5956414006431268
1110 0.34275449773236044 0.6358087966539425 1 1 0.5953686481366142
1111 0.31925951508764805 0.680740484912352 1 1 0.5950960319722666
1112 0.437642450206712 0.5623575497932879 1 1 0.5948235520819296
1113 0.3598369304200501 0.6401630695799501 1 1 0.5945512083974837
1114 0.3541457577880678 0.6247312138962872 1 0 0.5942790008508425
1115 0.30576073656893465 0.6942392634310661 1 0 0.5940069293739545
1116 0.5278493877898596 0.4515460795601173 0 1 0.5937349938988016
1117 0.2449272163103406 0.7550727836896599 1 1 0.5934631943574
1118 0.3400421973988539 0.5985786181940351 1 1 0.5931915306817999
1119 0.46571827337349125 0.5342817266265084 1 1 0.5929200028040853
1120 0.6848183240014654 0.31518167599853464 0 0 0.5926486106563742
1121 0.6916377238798842 0.2876964870584306 0 0 0.5923773541708186
1122 0.4299062324019272 0.5495165871927276 1 0 0.5921062332796042
1123 0.31965162999168917 0.6596426534901488 1 0 0.5918352479149512
1124 0.43380795111490134 0.5453398215758518 1 0 0.5915643980091128
1125 0.7252647847290553 0.2747352152709449 0 0 0.5912936834943768
1126 0.6462301378029582 0.3327515236794029 0 0 0.5910231043030645
1127 0.7084329576875649 0.29156704231243535 0 0 0.5907526603675312
1128 0.33606044229976284 0.6429531081557573 1 1 0.5904823516201657
1129 0.566381468827241 0.43361853117275917 0 0 0.5902121779933909
1130 0.5914934873073713 0.4085065126926282 0 1 0.5899421394196634
1131 0.22885345862761772 0.7711465413723825 1 1 0.5896722358314737
1132 0.3914886449455853 0.587596938247801 1 1 0.5894024671613456
1133 0.2970900756197407 0.6640995129251064 1 0 0.5891328333418372
1134 0.46935356421149016 0.49519002601336287 1 1 0.5888633343055399
1135 0.3518415852526408 0.6271752475514488 1 1 0.588593969985079
1136 0.6429272598368128 0.35707274016318746 0 0 0.5883247403131134
1137 0.3167514229966686 0.6832485770033314 1 0 0.5880556452223358
1138 0.549961452902294 0.45003854709770663 0 0 0.587786684645472
1139 0.45328090983439684 0.5467190901656033 1 1 0.5875178585152825
1140 0.7186507220534056 0.2813492779465947 0 0 0.5872491667645603
1141 0.43995758387590045 0.5600424161240997 1 0 0.5869806093261325
1142 0.20909597694865414 0.790904023051346 1 1 0.5867121861328599
1143 0.36825232375377076 0.6101119168761315 1 0 0.5864438971176367
1144 0.5461212203361947 0.453878779663805 0 0 0.5861757422133904
1145 0.20749558276224422 0.7925044172377558 1 0 0.5859077213530826
1146 0.20598601010060755 0.7721742357529726 1 1 0.5856398344697079
1147 0.2863243600277438 0.7136756399722566 1 0 0.5853720814962946
1148 0.6021575917665053 0.39784240823349515 0 0 0.5851044623659044
1149 0.7844216250914341 0.2155783749085658 0 0 0.5848369770116327
1150 0.7160239336571547 0.28397606634284517 0 0 0.584569625366608
1151 0.4762844868324108 0.5237155131675897 1 0 0.5843024073639923
1152 0.7319002899851527 0.26809971001484745 0 0 0.5840353229369813
1153 0.17212455239695856 0.8068383911109269 1 0 0.5837683720188038
1154 0.31791798303860275 0.6820820169613971 1 0 0.5835015545427222
1155 0.5168803385098991 0.48311966149010077 0 1 0.5832348704420319
1156 0.21575907097244015 0.7842409290275602 1 1 0.5829683196500621
1157 0.6685622384705789 0.2983182172805761 0 0 0.5827019021001749
1158 0.790849910891255 0.19303188974324453 0 0 0.5824356177257659
1159 0.6915579057108314 0.3084420942891687 0 1 0.5821694664602642
1160 0.6361216073918482 0.3638783926081518 0 1 0.5819034482371319
1161 0.5371914846112463 0.46280851538875395 0 0 0.5816375629898645
1162 0.7925449958279807 0.20745500417201948 0 0 0.5813718106519905
1163 0.4188238015776122 0.5602815626284141 1 0 0.581106191157072
1164 0.4250726207456005 0.5749273792543995 1 0 0.5808407044387041
1165 0.4147322736462229 0.5639978134987117 1 1 0.5805753504305149
1166 0.7047420718617915 0.29525792813820817 0 0 0.5803101290661662
1167 0.482484703045321 0.5175152969546795 1 0 0.5800450402793526
1168 0.6979510497438057 0.3020489502561943 0 0 0.5797800840038017
1169 0.5778249851112612 0.37920610884605904 0 0 0.5795152601732745
1170 0.2754043936640187 0.7245956063359815 1 0 0.5792505687215652
1171 0.6037915981323436 0.3751029953572126 0 0 0.5789860095825009
1172 0.494505359002071 0.48337384902502994 0 1 0.5787215826899417
1173 0.23295237686665218 0.7670476231333477 1 1 0.5784572879777808
1174 0.5713086555555049 0.42869134444449486 0 1 0.5781931253799448
1175 0.20947928104376934 0.7697035522104008 1 1 0.5779290948303928
1176 0.47150713102252284 0.5284928689774773 1 0 0.5776651962631173
1177 0.29617578411213025 0.7038242158878697 1 1 0.5774014296121437
1178 0.45269671024238006 0.11155190749388574 0 0 0.5771377948115302
1179 0.7927353212449405 0.20726467875505983 0 0 0.5768742917953681
1180 0.7620147421529697 0.2379852578470305 0 0 0.5766109204977817
1181 0.3947972894957475 0.6052027105042526 1 1 0.5763476808529281
1182 0.6458656191141617 0.3541343808858385 0 0 0.5760845727949976
1183 0.2788641601734285 0.7211358398265714 1 1 0.575821596258213
1184 0.710951963612366 0.28904803638763377 0 0 0.5755587511768302
1185 0.18139427172232525 0.7977363264689536 1 0 0.5752960374851378
0.44005340956331973
0.5504430966161866
0.6403011880413064
0.440  0.000
0.550  0.000
0.640  0.000
