0
0 0.0 0.0 0 0 1.0
1 0.0 0.0 0 0 0.9995251187302109
2 1.000000000000001 0.0 0 0 0.9990504748417063
3 1.000000000000001 0.0 0 1 0.9985760682158253
4 1.000000000000001 0.0 0 0 0.9981018987339664
5 1.000000000000001 0.0 0 0 0.9976279662775871
6 1.000000000000001 0.0 0 0 0.9971542707282044
7 1.000000000000001 0.0 0 0 0.9966808119673941
8 1.000000000000001 0.0 0 0 0.9962075898767919
9 1.000000000000001 0.0 0 0 0.995734604338092
10 1.000000000000001 0.0 0 0 0.9952618552330482
11 1.000000000000001 0.0 0 0 0.9947893424434732
12 1.000000000000001 0.0 0 0 0.9943170658512385
13 1.000000000000001 0.0 0 1 0.9938450253382753
14 0.9007350593803846 0.09926494061961529 0 0 0.9933732207865733
15 0.905381347307351 0.09461865269264891 0 1 0.9929016520781815
16 0.2934077089349925 0.7065922910650072 1 0 0.9924303190952076
17 0.3235156751920765 0.6764843248079234 1 0 0.9919592217198184
18 0.34510660885514255 0.6548933911448572 1 0 0.9914883598342394
19 0.334477897754679 0.6655221022453209 1 1 0.9910177333207555
20 0.24265377871390353 0.757346221286097 1 1 0.9905473420617097
21 0.5453809657565266 0.4546190342434732 0 1 0.9900771859395043
22 0.3205527237885581 0.6794472762114423 1 0 0.9896072648366003
23 0.3385570756010456 0.6614429243989547 1 0 0.9891375786355174
24 0.3551295458714964 0.644870454128503 1 0 0.988668127218834
25 0.27140813709058076 0.7285918629094197 1 1 0.9881989104691874
26 0.6043522576972599 0.3956477423027396 0 0 0.9877299282692732
27 0.10719381817672201 0.8928061818232784 1 1 0.987261180501846
28 0.20857372051855025 0.7914262794814497 1 0 0.9867926670497188
29 0.8123768693791729 0.18762313062082728 0 0 0.9863243877957633
30 0.15393010349998676 0.8460698965000136 1 0 0.9858563426229096
31 0.10069146728944073 0.8993085327105598 1 0 0.9853885314141463
32 0.8228991183578704 0.17710088164213034 0 0 0.9849209540525209
33 0.05286715336993965 0.9471328466300606 1 1 0.9844536104211388
34 0.5783917219302156 0.4216082780697854 0 0 0.9839865004031642
35 0.7057512037165319 0.29424879628346867 0 0 0.9835196238818196
36 0.04396956932252152 0.07140547394291202 1 0 0.9830529807403857
37 0.249654996592509 0.7503450034074913 1 1 0.9825865708622019
38 0.13371322617330253 0.866286773826697 1 1 0.9821203941306657
39 0.9312925818691729 0.06870741813082666 0 0 0.9816544504292329
40 0.34305642833563316 0.656943571664367 1 0 0.9811887396414175
41 0.9305512704664514 0.06944872953354887 0 0 0.9807232616507919
42 0.2140370971013983 0.7859629028986023 1 1 0.9802580163409866
43 0.4005094323319626 0.5994905676680368 1 0 0.9797930035956902
44 0.9103708817665191 0.08962911823348127 0 1 0.9793282232986495
45 0.923790630295854 0.07620936970414693 0 0 0.9788636753336696
46 0.04047560663234999 0.9595243933676499 1 0 0.9783993595846132
47 0.2634492547248524 0.7365507452751471 1 0 0.9779352759354016
48 0.37029703356304694 0.6297029664369531 1 1 0.9774714242700139
49 0.42544287249799295 0.5745571275020067 1 0 0.977007804472487
50 0.3590956998862874 0.6409043001137128 1 0 0.976544416426916
51 0.34221760511807403 0.6577823948819259 1 0 0.976081260017454
52 0.9086968937352802 0.09130310626472012 0 0 0.9756183351283119
53 0.6020307810124881 0.3979692189875123 0 0 0.9751556416437582
54 0.3504090427594335 0.649590957240567 1 1 0.97469317944812
55 0.18424886652391645 0.8157511334760833 1 0 0.9742309484257813
56 0.3713182454589468 0.6286817545410531 1 0 0.9737689484611846
57 0.9674813339036573 0.03251866609634331 0 0 0.9733071794388298
58 0.641526873766382 0.3584731262336186 0 0 0.9728456412432746
59 0.9761696571497018 0.023830342850297975 0 0 0.9723843337591346
60 0.08212012950581465 0.9178798704941848 1 1 0.9719232568710827
61 0.8654689568428695 0.1345310431571305 0 0 0.97146241046385
62 0.1685658232220399 0.8314341767779596 1 1 0.9710017944222247
63 0.6913480659069888 0.3086519340930117 0 0 0.9705414086310526
64 0.9787831949627106 0.021216805037288802 0 0 0.9700812529752377
65 0.3163986333878038 0.6836013666121965 1 0 0.9696213273397407
66 0.9794343251198885 0.020565674880111427 0 0 0.9691616316095805
67 0.3840477111647797 0.6159522888352206 1 0 0.9687021656698327
68 0.383571864669687 0.6164281353303136 1 0 0.9682429294056313
69 0.12887252500842056 0.871127474991579 1 0 0.967783922702167
70 0.6122620763415805 0.3877379236584195 0 0 0.9673251454446882
71 0.04493123631980586 0.9550687636801949 1 0 0.9668665975185005
72 0.980002300633952 0.01999769936604845 0 0 0.966408278808967
73 0.6123265315673823 0.3876734684326172 0 1 0.9659501892015078
74 0.9783583817823237 0.021641618217675417 0 0 0.9654923285816008
75 0.40355113874355547 0.596448861256444 1 0 0.9650346968347807
76 0.9865347925856713 0.013465207414329156 0 1 0.9645772938466396
77 0.6727875481723888 0.3272124518276111 0 1 0.9641201195028267
78 0.7031259339141667 0.2968740660858333 0 0 0.9636631736890484
79 0.9339567992123876 0.0660432007876125 0 0 0.9632064562910683
80 0.8510039555031071 0.14899604449689302 0 0 0.9627499671947071
81 0.38336877424258964 0.6166312257574107 1 0 0.9622937062858423
82 0.946190771170283 0.053809228829717524 0 0 0.9618376734504089
83 0.9228644566883857 0.0771355433116141 0 0 0.9613818685743987
84 0.2529760208426525 0.7470239791573472 1 0 0.9609262915438603
85 0.9693003643025156 0.030699635697484823 0 0 0.9604709422448996
86 0.5213916278635767 0.4786083721364237 0 0 0.9600158205636791
87 0.9541710946850627 0.045828905314937836 0 1 0.9595609263864187
88 0.9145590333670996 0.08544096663290013 0 0 0.9591062595993943
89 0.4564026635409313 0.5435973364590679 1 0 0.9586518200889397
90 0.6651938378552188 0.33480616214478126 0 1 0.9581976077414449
91 0.7293804312695392 0.2706195687304608 0 0 0.9577436224433568
92 0.8967632294585649 0.10323677054143508 0 0 0.957289864081179
93 0.4574799039769338 0.5425200960230665 1 1 0.9568363325414718
94 0.8542914267003768 0.14570857329962358 0 0 0.9563830277108525
95 0.8695060332707826 0.13049396672921706 0 0 0.9559299494759951
96 0.33277685786582717 0.6672231421341729 1 0 0.9554770977236295
97 0.9406423027540389 0.05935769724596145 0 0 0.9550244723405431
98 0.5542270078097142 0.4457729921902863 0 0 0.9545720732135796
99 0.19212980195570034 0.8078701980442996 1 0 0.9541199002296391
100 0.8223020266165469 0.17769797338345303 0 0 0.9536679532756783
101 0.41067724039767106 0.5893227596023288 1 0 0.9532162322387105
102 0.9605490396828835 0.03945096031711705 0 0 0.9527647370058057
103 0.5572455284927463 0.4427544715072537 0 0 0.9523134674640896
104 0.9130134695999294 0.08698653040007101 0 0 0.951862423500745
105 0.33640276383385825 0.6635972361661419 1 0 0.9514116050030111
106 0.9571967437984712 0.0428032562015294 0 0 0.9509610118581833
107 0.697371325712287 0.3026286742877129 0 0 0.950510643953613
108 0.5146948288737784 0.4853051711262214 0 1 0.9500605011767084
109 0.5873483427331785 0.41265165726682146 0 1 0.9496105834149338
110 0.8329227290102337 0.16707727098976632 0 0 0.9491608905558097
111 0.3913818714266195 0.6086181285733804 1 1 0.948711422486913
112 0.7409144387297032 0.2590855612702972 0 1 0.9482621790958765
113 0.39389927965289295 0.606100720347107 1 0 0.9478131602703894
114 0.6362619583766225 0.36373804162337736 0 0 0.9473643658981972
115 0.5888722642167475 0.4111277357832522 0 0 0.9469157958671011
116 0.9187400141689132 0.08125998583108732 0 0 0.9464674500649586
117 0.5104341995538988 0.48956580044610165 0 1 0.9460193283796833
118 0.8844465951733812 0.11555340482661808 0 0 0.9455714306992448
119 0.3098021054588392 0.6901978945411602 1 0 0.9451237569116685
120 0.8729649361164123 0.1270350638835878 0 0 0.9446763069050362
121 0.5527347992514072 0.44726520074859244 0 1 0.9442290805674853
122 0.887376251272911 0.11262374872708837 0 1 0.9437820777872092
123 0.7948467913261424 0.2051532086738575 0 0 0.9433352984524572
124 0.1339781712974882 0.8660218287025121 1 1 0.9428887424515344
125 0.8405866953818323 0.15941330461816805 0 1 0.942442409672802
126 0.5592484824125515 0.4407515175874483 0 0 0.9419963000046766
127 0.5652770154172663 0.4347229845827335 0 0 0.9415504133356308
128 0.577447281239606 0.4225527187603939 0 1 0.941104749554193
129 0.6379787720730151 0.3620212279269848 0 0 0.9406593085489473
130 0.7157569799760296 0.28424302002397056 0 0 0.9402140902085333
131 0.6802967248261043 0.3197032751738958 0 1 0.9397690944216465
132 0.6179954481262454 0.38200455187375465 0 0 0.9393243210770379
133 0.4673722998596135 0.5326277001403866 1 1 0.9388797700635142
134 0.6395213134837876 0.36047868651621223 0 0 0.9384354412699377
135 0.6445985217087559 0.35540147829124447 0 0 0.9379913345852261
136 0.6816178307529108 0.31838216924708895 0 0 0.9375474498983528
137 0.69954027855892 0.3004597214410795 0 0 0.9371037870983466
138 0.2677749362145256 0.7322250637854745 1 1 0.9366603460742918
139 0.7680058826836973 0.23199411731630262 0 0 0.9362171267153282
140 0.5390271636820596 0.4609728363179405 0 0 0.9357741289106508
141 0.8087136189269971 0.19128638107300336 0 0 0.9353313525495103
142 0.5447304329884526 0.45526956701154775 0 1 0.9348887975212126
143 0.6308876339091762 0.3691123660908238 0 0 0.9344464637151187
144 0.20135223997275375 0.7986477600272461 1 0 0.9340043510206455
145 0.49154348719398017 0.50845651280602 1 1 0.9335624593272646
146 0.3562429205630158 0.6437570794369842 1 0 0.9331207885245031
147 0.6374607775632025 0.3625392224367977 0 1 0.9326793385019433
148 0.5310256377597868 0.4689743622402134 0 0 0.9322381091492229
149 0.46359439047838974 0.5364056095216103 1 0 0.9317971003560342
150 0.6175577883088955 0.3824422116911044 0 0 0.9313563120121252
151 0.6135359936296557 0.3864640063703445 0 1 0.9309157440072989
152 0.37333058837514493 0.6266694116248551 1 0 0.9304753962314132
153 0.4397710784965381 0.560228921503462 1 0 0.930035268574381
154 0.4971006972086261 0.5028993027913743 1 0 0.9295953609261706
155 0.6028375616198318 0.397162438380168 0 0 0.929155673176805
156 0.5423024680960162 0.45769753190398366 0 0 0.9287162052163623
157 0.29797440659585567 0.7020255934041446 1 1 0.9282769569349755
158 0.7005931183487806 0.299406881651219 0 0 0.9278379282228324
159 0.4974991963555823 0.5025008036444178 1 0 0.9273991189701761
160 0.8280486050657909 0.17195139493420952 0 0 0.926960529067304
161 0.12044738941457872 0.8795526105854214 1 0 0.9265221584045688
162 0.5455266126059928 0.45447338739400767 0 1 0.9260840068723777
163 0.6242968204433103 0.3757031795566899 0 0 0.9256460743611928
164 0.6202634975346909 0.3797365024653095 0 1 0.9252083607615312
165 0.33930008393738104 0.6606999160626187 1 0 0.9247708659639643
166 0.5985758906206903 0.4014241093793098 0 0 0.9243335898591184
167 0.5580757063722104 0.44192429362778934 0 0 0.9238965323376747
168 0.6902932639318722 0.30970673606812765 0 0 0.9234596932903685
169 0.7411521455831124 0.2588478544168874 0 0 0.9230230726079901
170 0.7062655659651412 0.29373443403485905 0 0 0.9225866701813845
171 0.6080512238471253 0.3919487761528744 0 0 0.9221504859014509
172 0.6155278670934128 0.38447213290658744 0 1 0.9217145196591434
173 0.5255189109348511 0.47448108906514896 0 0 0.9212787713454703
174 0.5961039167342383 0.4038960832657617 0 0 0.9208432408514946
175 0.8299772002126873 0.17002279978731263 0 0 0.9204079280683337
176 0.6808937696610398 0.3191062303389605 0 1 0.9199728328871594
177 0.5680950030060262 0.43190499699397394 0 0 0.9195379551991977
178 0.6287569671770148 0.37124303282298526 0 1 0.9191032948957294
179 0.614618610255274 0.3853813897447261 0 0 0.9186688518680893
180 0.6452788199526076 0.3547211800473922 0 1 0.9182346260076668
181 0.4822025488849386 0.5177974511150618 1 1 0.9178006172059052
182 0.519417639768082 0.48058236023191814 0 0 0.9173668253543025
183 0.3938540286344843 0.46599570222149433 1 1 0.9169332503444106
184 0.4373568465576304 0.5626431534423693 1 1 0.9164998920678359
185 0.48654834790031964 0.5134516520996805 1 0 0.9160667504162386
186 0.4954315103848533 0.5045684896151468 1 0 0.9156338252813335
187 0.4527714151992037 0.5472285848007961 1 0 0.9152011165548892
188 0.47635186052399336 0.5236481394760065 1 0 0.9147686241287286
189 0.4680080426439906 0.5319919573560097 1 0 0.9143363478947285
190 0.47668762678611004 0.52331237321389 1 0 0.9139042877448198
191 0.44684645637154785 0.5531535436284524 1 0 0.9134724435709877
192 0.4614757358189792 0.538524264181021 1 0 0.9130408152652709
193 0.45814183250651763 0.5418581674934826 1 0 0.9126094027197623
194 0.4401498747258391 0.5598501252741607 1 1 0.912178205826609
195 0.45178107098453973 0.5482189290154607 1 0 0.9117472244780116
196 0.4616003854495142 0.5383996145504861 1 0 0.9113164585662249
197 0.38999295535806694 0.6100070446419323 1 0 0.9108859079835573
198 0.4344092293184686 0.5655907706815316 1 1 0.9104555726223711
199 0.5098592694781984 0.4901407305218015 0 1 0.9100254523750826
200 0.5098315142037885 0.4901684857962115 0 0 0.9095955471341616
201 0.5207947054086519 0.4792052945913482 0 0 0.9091658567921319
202 0.5347285058133026 0.46527149418669733 0 1 0.908736381241571
203 0.47597424654294795 0.5240257534570516 1 0 0.9083071203751096
204 0.5045007731411805 0.49549922685881975 0 0 0.907878074085433
205 0.5249805197009448 0.4750194802990546 0 0 0.9074492422652793
206 0.5401274094077954 0.4598725905922046 0 0 0.9070206248074407
207 0.5632393945719677 0.4367606054280323 0 0 0.9065922216047627
208 0.5832683516599352 0.41673164834006454 0 0 0.9061640325501444
209 0.6042259983560543 0.39577400164394594 0 0 0.905736057536539
210 0.757286111754867 0.24271388824513282 0 0 0.9053082964569523
211 0.7013608324486192 0.29863916755138087 0 1 0.9048807492044442
212 0.5978757689940366 0.40212423100596295 0 0 0.9044534156721279
213 0.659168263931795 0.3408317360682049 0 1 0.9040262957531698
214 0.526562921852799 0.4734370781472012 0 0 0.9035993893407902
215 0.5053080639666816 0.49469193603331857 0 1 0.9031726963282625
216 0.5072574057779942 0.4927425942220056 0 0 0.9027462166089132
217 0.48799373478666075 0.5120062652133395 1 1 0.9023199500761224
218 0.49009249307564545 0.5099075069243545 1 0 0.9018938966233236
219 0.5025556117566947 0.49744438824330495 0 0 0.9014680561440035
220 0.49290416124699066 0.5070958387530093 1 1 0.9010424285317018
221 0.4827683648310113 0.5172316351689888 1 0 0.9006170136800117
222 0.4663985801101144 0.533601419889886 1 0 0.9001918114825794
223 0.4280261258732509 0.571973874126749 1 1 0.8997668218331044
224 0.5057092611014881 0.49429073889851183 0 0 0.8993420446253394
225 0.4802086607716916 0.5197913392283078 1 1 0.8989174797530899
226 0.47369861641363686 0.5263013835863632 1 0 0.8984931271102148
227 0.4244307398796081 0.47875192569724134 1 0 0.8980689865906258
228 0.4165053772899017 0.4641460131688502 1 0 0.8976450580882879
229 0.5133454744336485 0.4651309875274652 0 0 0.897221341497219
230 0.5577867306348561 0.4422132693651439 0 0 0.8967978367114897
231 0.5665623810917568 0.41389427007013085 0 0 0.8963745436252242
232 0.6313518259344088 0.34890581923387404 0 1 0.895951462132599
233 0.5394714005451005 0.46052859945489966 0 0 0.8955285921278436
234 0.5282349256360951 0.47176507436390486 0 1 0.8951059335052408
235 0.441135674224662 0.5366738777317719 1 1 0.8946834861591256
236 0.4464405407786277 0.5535594592213723 1 0 0.8942612499838865
237 0.49668038168788076 0.5033196183121196 1 0 0.8938392248739643
238 0.5247546911008235 0.47524530889917677 0 0 0.8934174107238526
239 0.526791217720054 0.4732087822799461 0 0 0.8929958074280979
240 0.5418977557030006 0.4581022442969992 0 1 0.8925744148812996
241 0.44765413105515844 0.5523458689448413 1 1 0.8921532329781094
242 0.43389807710335104 0.5458080868264726 1 0 0.8917322616132318
243 0.4696036548108915 0.47021315757482907 1 1 0.891311500681424
244 0.4388413142062227 0.5611586857937769 1 0 0.8908909500774957
245 0.43279029475432623 0.5478829100294048 1 1 0.8904706096963094
246 0.43727228757380704 0.5627277124261931 1 1 0.8900504794327798
247 0.4329345477531194 0.567065452246881 1 0 0.8896305591818745
248 0.42705126598343224 0.5537491917320454 1 0 0.8892108488386133
249 0.44657846424279785 0.553421535757202 1 0 0.8887913482980688
250 0.44046946630441386 0.53927251136306 1 0 0.8883720574553657
251 0.4624938499180051 0.5375061500819951 1 0 0.8879529762056811
252 0.4642456639164954 0.5357543360835045 1 0 0.8875341044442453
253 0.5007022348796353 0.4992977651203652 0 1 0.8871154420663397
254 0.44871060836552784 0.5512893916344723 1 1 0.8866969889672991
255 0.4218733408633988 0.5574711501870476 1 0 0.8862787450425101
256 0.4091808042474993 0.5318347577415194 1 0 0.8858607101874116
257 0.47199612039975114 0.5073434542972034 1 1 0.8854428842974952
258 0.43301386028557065 0.5669861397144292 1 0 0.885025267268304
259 0.4215038835676729 0.5784961164323273 1 0 0.8846078589954341
260 0.4399111924452225 0.5600888075547776 1 0 0.8841906593745332
261 0.5208138574922373 0.47918614250776287 0 1 0.8837736683013016
262 0.4415814677526017 0.5584185322473983 1 0 0.8833568856714914
263 0.40825833398970873 0.5300649626234081 1 0 0.8829403113809069
264 0.439949090534834 0.5181861365663942 1 0 0.8825239453254046
265 0.4877921115536337 0.4890865778455845 1 0 0.882107787400893
266 0.5073555137581964 0.4693529059384354 0 0 0.8816918375033326
267 0.5508817719826651 0.44911822801733436 0 1 0.8812760955287358
268 0.4980019173525121 0.5019980826474879 1 0 0.8808605613731673
269 0.48345240182833205 0.4758707100920663 0 1 0.8804452349327435
270 0.4425012022151787 0.5383873403701763 1 1 0.8800301161036327
271 0.40327181994536965 0.5563680143653357 1 0 0.8796152047820552
272 0.42998089980362786 0.5054551425014224 1 0 0.8792005008642834
273 0.45718012653626733 0.49961293507788124 1 0 0.878786004246641
274 0.46247648832061666 0.5181459892371172 1 0 0.8783717148255039
275 0.5168552749431627 0.48314472505683753 0 0 0.8779576324973
276 0.49805326919238385 0.5019467308076162 1 0 0.8775437571585084
277 0.44708659599885064 0.49240480796603137 1 0 0.8771300887056604
278 0.5682584673369996 0.43174153266300025 0 0 0.8767166270353389
279 0.5944990133387154 0.40550098666128465 0 0 0.8763033720441786
280 0.5723516009728402 0.4276483990271597 0 1 0.8758903236288655
281 0.532602510959307 0.4673974890406932 0 1 0.8754774816861377
282 0.4332612924985088 0.5667387075014909 1 1 0.8750648461127845
283 0.44787855740241383 0.552121442597586 1 0 0.8746524168056472
284 0.43186685515005535 0.545752861520365 1 0 0.8742401936616183
285 0.5063454677110929 0.493654532288907 0 0 0.8738281765776422
286 0.4534565071885258 0.5465434928114741 1 1 0.8734163654507144
287 0.48132843702894085 0.5186715629710593 1 1 0.8730047601778824
288 0.40468552082560344 0.5953144791743967 1 1 0.8725933606562447
289 0.4084273055614925 0.5699096470295534 1 0 0.8721821667829516
290 0.4291216608027091 0.548939827506099 1 0 0.8717711784552042
291 0.41059687612172824 0.5671904103711034 1 0 0.8713603955702558
292 0.4819215854708788 0.5180784145291211 1 1 0.8709498180254107
293 0.4369193592705187 0.5630806407294814 1 0 0.8705394457180242
294 0.4303459823182956 0.5696540176817043 1 1 0.8701292785455035
295 0.41461068654498584 0.5390772386851701 1 1 0.8697193164053066
296 0.41564512338767534 0.5843548766123245 1 0 0.8693095591949432
297 0.4012825112939124 0.5770896918640401 1 0 0.8689000068119738
298 0.42464009741633724 0.5534615301967184 1 0 0.8684906591540104
299 0.4386178140883737 0.5613821859116267 1 0 0.868081516118716
300 0.4377843445749027 0.4940755954490837 1 0 0.8676725776038049
301 0.45113069149503926 0.5488693085049606 1 1 0.8672638435070424
302 0.40096995534565416 0.5990300446543455 1 0 0.8668553137262452
303 0.4380704384634959 0.5619295615365044 1 0 0.8664469881592806
304 0.5514819720283471 0.4485180279716527 0 0 0.8660388667040673
305 0.36524905034566124 0.5909140703766935 1 1 0.8656309492585749
306 0.5519393439728211 0.4254941479303608 0 1 0.8652232357208242
307 0.44961725799756963 0.5503827420024304 1 0 0.8648157259888866
308 0.4396289261194455 0.540373513378557 1 1 0.8644084199608846
309 0.4417098780278063 0.558290121972194 1 1 0.864001317534992
310 0.425007008818546 0.5749929911814539 1 0 0.8635944186094329
311 0.4537052140530153 0.5462947859469849 1 0 0.8631877230824827
312 0.40755377215911337 0.5924462278408866 1 0 0.8627812308524675
313 0.4829889451073451 0.5170110548926552 1 0 0.8623749418177644
314 0.47811714148138823 0.5218828585186117 1 0 0.8619688558768008
315 0.4953254597135593 0.5046745402864408 1 0 0.8615629729280555
316 0.5774457407854505 0.4225542592145495 0 0 0.8611572928700576
317 0.4733363195465973 0.5266636804534026 1 0 0.8607518156013872
318 0.4545424305768064 0.545457569423194 1 1 0.860346541020675
319 0.49826054749157184 0.501739452508428 1 0 0.8599414690266022
320 0.475503701163818 0.524496298836182 1 0 0.8595365995179007
321 0.5282388121379468 0.4503911745641336 0 1 0.8591319323933535
322 0.5646001912495636 0.4353998087504363 0 0 0.8587274675517935
323 0.5657186772161775 0.43428132278382237 0 0 0.8583232048921047
324 0.5521923076431431 0.44780769235685686 0 1 0.8579191443132214
325 0.4887362216406138 0.48616294244615776 0 0 0.8575152857141283
326 0.37437981080868366 0.6003079498323904 1 1 0.8571116289938607
327 0.5683731802498281 0.43162681975017186 0 0 0.8567081740515047
328 0.5228346877532637 0.47716531224673653 0 0 0.8563049207861965
329 0.42722754996056617 0.5727724500394339 1 1 0.8559018690971224
330 0.3650642810282857 0.6349357189717142 1 1 0.8554990188835201
331 0.4282372489674833 0.5491599790733976 1 0 0.8550963700446765
332 0.41496269355192983 0.5850373064480702 1 0 0.8546939224799296
333 0.5009631411741523 0.4990368588258478 0 0 0.8542916760886676
334 0.3836157049162278 0.6163842950837723 1 0 0.8538896307703289
335 0.627762849956831 0.3722371500431688 0 0 0.8534877864244019
336 0.5089000841905121 0.4910999158094876 0 0 0.8530861429504258
337 0.670947180191511 0.3290528198084891 0 0 0.8526847002479896
338 0.36281287567893644 0.5722576098997835 1 0 0.8522834582167327
339 0.6500721285398714 0.3499278714601288 0 0 0.8518824167563444
340 0.2592611272480891 0.7407388727519107 1 1 0.8514815757665646
341 0.6141339962693099 0.3858660037306902 0 1 0.8510809351471827
342 0.5493133053147412 0.45068669468525885 0 0 0.8506804947980389
343 0.24811818237960717 0.7518818176203927 1 0 0.850280254619023
344 0.31707045583657884 0.6829295441634213 1 0 0.8498802145100749
345 0.2827016190830393 0.6922840666915651 1 0 0.8494803743711846
346 0.46099466253158194 0.5390053374684179 1 0 0.849080734102392
347 0.37223642835483756 0.6023307565815778 1 1 0.8486812936037871
348 0.5335569563434868 0.46644304365651346 0 0 0.8482820527755098
349 0.3417339265442873 0.632860434344317 1 1 0.8478830115177499
350 0.6403584428930867 0.35964155710691326 0 0 0.847484169730747
351 0.36953994484403413 0.6304600551559656 1 1 0.8470855273147906
352 0.5146604613887618 0.4853395386112381 0 0 0.8466870841702203
353 0.480932188911468 0.5190678110885321 1 0 0.8462888401974251
354 0.6293431073120408 0.37065689268795926 0 0 0.8458907952968442
355 0.34990718264481907 0.6500928173551814 1 1 0.8454929493689662
356 0.4025809605393736 0.5974190394606264 1 0 0.8450953023143297
357 0.24692562755858144 0.7269143645601366 1 0 0.8446978540335229
358 0.39334837539892914 0.6066516246010707 1 0 0.8443006044271837
359 0.700321110512073 0.2996788894879269 0 0 0.8439035533959999
360 0.7041635511518605 0.2958364488481395 0 0 0.8435067008407084
361 0.724301912495378 0.2756980875046218 0 0 0.8431100466620963
362 0.6767804771859695 0.3232195228140306 0 1 0.842713590761
363 0.3265096619623758 0.6734903380376243 1 1 0.8423173330383056
364 0.5335304381958931 0.46646956180410665 0 0 0.8419212733949486
365 0.6996027244240868 0.3003972755759135 0 0 0.841525411731914
366 0.5146766492682026 0.4853233507317977 0 0 0.8411297479502364
367 0.3419910195005901 0.6580089804994098 1 1 0.840734281951
368 0.33647260057537626 0.6367269597931886 1 0 0.8403390136353381
369 0.6682517075366088 0.3047059610305784 0 0 0.8399439429044339
370 0.7257397636864084 0.27426023631359153 0 0 0.8395490696595194
371 0.4186779734469851 0.581322026553015 1 1 0.8391543938018764
372 0.6797890786278318 0.32021092137216844 0 0 0.838759915232836
373 0.7370703773901243 0.26292962260987607 0 0 0.8383656338537786
374 0.30911560394264465 0.6908843960573553 1 1 0.8379715495661337
375 0.6506978661502341 0.3493021338497656 0 0 0.8375776622713803
376 0.4252830769044368 0.5747169230955632 1 1 0.8371839718710465
377 0.4589681645915418 0.5410318354084583 1 0 0.8367904782667099
378 0.5085668512594541 0.49143314874054606 0 0 0.836397181359997
379 0.42586290445312946 0.5741370955468703 1 0 0.8360040810525834
380 0.4094484076381465 0.5905515923618528 1 1 0.8356111772461942
381 0.7226346489678882 0.2773653510321116 0 0 0.8352184698426034
382 0.2832191698855313 0.7167808301144687 1 0 0.8348259587436342
383 0.28163748284286444 0.7183625171571357 1 0 0.8344336438511587
384 0.3067074329131297 0.6932925670868705 1 0 0.8340415250670983
385 0.43469318430622766 0.5653068156937728 1 0 0.8336496022934232
386 0.6724544571864143 0.32754554281358583 0 1 0.8332578754321528
387 0.32954718840557845 0.6704528115944212 1 0 0.8328663443853553
388 0.5394699617552517 0.4605300382447483 0 1 0.832475009055148
389 0.35466422652067886 0.6453357734793215 1 0 0.8320838693436969
390 0.6013625221455818 0.39863747785441833 0 0 0.8316929251532175
391 0.6541185378301236 0.3458814621698762 0 0 0.8313021763859733
392 0.6398261297191922 0.36017387028080783 0 1 0.8309116229442772
393 0.49722845579318875 0.5027715442068111 1 0 0.830521264730491
394 0.433975158146398 0.5385836570678397 1 1 0.8301311016470251
395 0.41152660540598085 0.5884733945940196 1 0 0.8297411335963385
396 0.5967996568581868 0.40320034314181336 0 0 0.8293513604809395
397 0.6561198321282378 0.3438801678717624 0 0 0.8289617822033846
398 0.44429991238356364 0.5557000876164366 1 0 0.8285723986662793
399 0.36365888938921714 0.6363411106107829 1 1 0.8281832097722779
400 0.3258324040517263 0.6741675959482741 1 1 0.8277942154240827
401 0.7149155695807428 0.2850844304192572 0 0 0.8274054155244457
402 0.42948824964622373 0.5705117503537762 1 0 0.8270168099761664
403 0.5402333681773036 0.4597666318226966 0 0 0.8266283986820938
404 0.714927889843024 0.2850721101569759 0 1 0.8262401815451248
405 0.6306211034454519 0.369378896554548 0 1 0.8258521584682053
406 0.3711185275301927 0.6288814724698073 1 0 0.8254643293543295
407 0.6116225283813909 0.3610336561487579 0 0 0.8250766941065399
408 0.6362354654935036 0.3637645345064967 0 0 0.824689252627928
409 0.7161027587356278 0.2838972412643721 0 0 0.8243020048216333
410 0.42554722136587836 0.5744527786341214 1 0 0.8239149505908439
411 0.3258440873986172 0.6495912235647135 1 1 0.823528089838796
412 0.3536942995649419 0.646305700435058 1 0 0.8231414224687746
413 0.7425633092302213 0.25743669076977893 0 0 0.822754948384113
414 0.38326444571120943 0.6167355542887907 1 1 0.8223686674881925
415 0.7114524277776331 0.26400317057120093 0 0 0.8219825796844428
416 0.4088339457483549 0.5911660542516451 1 0 0.821596684876342
417 0.3744440192305986 0.5967794754349653 1 0 0.8212109829674166
418 0.327751525949483 0.6722484740505172 1 1 0.8208254738612408
419 0.6218224627292426 0.3781775372707576 0 0 0.8204401574614376
420 0.6285628303300399 0.3714371696699604 0 0 0.8200550336716778
421 0.7851858685568822 0.21481413144311812 0 0 0.8196701023956803
422 0.535276649943552 0.43581213293327786 0 0 0.8192853635372125
423 0.7709445419628 0.22905545803719998 0 0 0.8189008170000895
424 0.33496241511244773 0.6360482903095955 1 0 0.8185164626881748
425 0.5593738138760681 0.4406261861239318 0 0 0.8181323005053798
426 0.5293062076834527 0.4436470108937726 0 0 0.817748330355664
427 0.7003406087695997 0.29965939123040053 0 1 0.8173645521430347
428 0.46363179123838527 0.5363682087616146 1 0 0.8169809657715474
429 0.7010135241210826 0.2588324907401352 0 0 0.8165975711453055
430 0.7192519801909707 0.21261773840775067 0 1 0.8162143681684605
431 0.47202579754225327 0.5017836186637503 1 0 0.8158313567452115
432 0.5482533259635567 0.45174667403644325 0 0 0.8154485367798057
433 0.19026393011398285 0.23025381341795417 1 0 0.8150659081765381
434 0.7364064273749283 0.2635935726250716 0 0 0.8146834708397515
435 0.5975108991107951 0.3737219957526843 0 1 0.8143012246738365
436 0.6700193102894192 0.32998068971058075 0 0 0.8139191695832316
437 0.48816714002051337 0.5118328599794869 1 1 0.8135373054724233
438 0.4831660078404718 0.46081092001740276 0 1 0.8131556322459452
439 0.5349682629104825 0.4650317370895174 0 0 0.8127741498083791
440 0.4960407926149593 0.5039592073850406 1 1 0.8123928580643546
441 0.35684803666547427 0.6431519633345261 1 0 0.8120117569185484
442 0.5414304560133163 0.45856954398668354 0 0 0.8116308462756855
443 0.6792115926668415 0.3207884073331585 0 0 0.8112501260405381
444 0.6675791845132575 0.3324208154867425 0 0 0.8108695961179262
445 0.5215235391563836 0.47847646084361645 0 0 0.8104892564127174
446 0.7090327459966793 0.2909672540033209 0 0 0.8101091068298264
447 0.5737257424334562 0.4262742575665439 0 0 0.8097291472742162
448 0.46102794331050734 0.5100122002231046 1 0 0.8093493776508969
449 0.787138798424972 0.21286120157502816 0 0 0.8089697978649257
450 0.5049209502944824 0.4950790497055177 0 0 0.8085904078214082
451 0.874586999338964 0.1254130006610367 0 1 0.8082112074254965
452 0.7272098667414126 0.2727901332585874 0 0 0.8078321965823906
453 0.2374790530187328 0.7625209469812674 1 1 0.8074533751973377
454 0.8268981819589319 0.17310181804106825 0 0 0.8070747431756327
455 0.7764419346419373 0.22355806535806286 0 0 0.8066963004226173
456 0.10617329859016507 0.8938267014098347 1 1 0.8063180468436811
457 0.6066714194152303 0.39332858058476966 0 0 0.8059399823442605
458 0.9467183909599208 0.05328160904007914 0 0 0.8055621068298392
459 0.8864673126125477 0.11353268738745204 0 0 0.8051844202059488
460 0.914974814727123 0.08502518527287702 0 0 0.8048069223781673
461 0.7892445211792748 0.210755478820725 0 1 0.8044296132521204
462 0.5383415452763916 0.4616584547236088 0 1 0.8040524927334806
463 0.6005517074669519 0.39944829253304825 0 1 0.803675560727968
464 0.5814526162751744 0.41854738372482597 0 0 0.8032988171413495
465 0.5440077828955169 0.43359955387276844 0 0 0.8029222618794393
466 0.5724809521111507 0.4275190478888493 0 1 0.8025458948480984
467 0.3040413019981705 0.6959586980018296 1 1 0.802169715953235
468 0.5531835573052745 0.44681644269472554 0 0 0.8017937251008047
469 0.41845262482332046 0.5815473751766794 1 1 0.8014179221968095
470 0.6267421916023223 0.373257808397678 0 0 0.8010423071472988
471 0.5940881641602009 0.40591183583979884 0 0 0.8006668798583688
472 0.5306446199818275 0.46935538001817273 0 0 0.8002916402361626
473 0.719881883856351 0.280118116143649 0 0 0.7999165881868704
474 0.8131845089542199 0.18681549104578044 0 0 0.7995417236167291
475 0.8011727764498371 0.19882722355016275 0 0 0.7991670464320229
476 0.8525352379450069 0.14746476205499295 0 1 0.7987925565390819
477 0.768731121759573 0.2312688782404272 0 0 0.7984182538442841
478 0.7915234479729082 0.20847655202709192 0 0 0.7980441382540535
479 0.7344630792360566 0.2413537936526983 0 1 0.7976702096748615
480 0.49545803147109285 0.504541968528907 1 1 0.7972964680132258
481 0.6951688646521734 0.3048311353478265 0 0 0.7969229131757108
482 0.7287303313495967 0.2712696686504028 0 0 0.7965495450689283
483 0.48080729879128475 0.5191927012087149 1 1 0.7961763635995357
484 0.27221370434077385 0.7277862956592258 1 1 0.7958033686742381
485 0.5539618725448004 0.44603812745519955 0 0 0.7954305601997864
486 0.5513589871676489 0.4486410128323514 0 1 0.7950579380829786
487 0.6645651950313612 0.33543480496863864 0 0 0.7946855022306593
488 0.6275429190244846 0.37245708097551566 0 0 0.7943132525497194
489 0.6808850774826465 0.31911492251735374 0 0 0.7939411889470965
490 0.5970576920035174 0.4029423079964825 0 0 0.7935693113297747
491 0.5480312757117789 0.4519687242882213 0 0 0.7931976196047847
492 0.7789733151060667 0.22102668489393285 0 0 0.7928261136792034
493 0.6250545162714978 0.3749454837285024 0 1 0.7924547934601545
494 0.7241872118700621 0.2758127881299383 0 0 0.7920836588548077
495 0.5604444322957712 0.4395555677042289 0 0 0.7917127097703794
496 0.8093075946158443 0.1906924053841551 0 0 0.7913419461141326
497 0.5783341980670323 0.42166580193296777 0 1 0.7909713677933762
498 0.73214155040308 0.26785844959691996 0 0 0.7906009747154654
499 0.7183199736286823 0.28168002637131784 0 0 0.7902307667878021
500 0.7437919992925393 0.25620800070746086 0 0 0.7898607439178347
501 0.9371876356807053 0.06281236431929443 0 0 0.7894909060130568
502 0.930251227073601 0.0697487729263991 0 1 0.7891212529810094
503 0.6792981324004183 0.3207018675995822 0 0 0.7887517847292792
504 0.5020080835909362 0.4979919164090639 0 1 0.7883825011654988
505 0.6187894711191053 0.2724252944469218 0 0 0.7880134021973477
506 0.7180222918710378 0.2819777081289622 0 0 0.7876444877325509
507 0.7259659526832526 0.2740340473167474 0 0 0.7872757576788799
508 0.7433914280080961 0.25660857199190407 0 0 0.7869072119441523
509 0.7666840024741179 0.23331599752588197 0 0 0.7865388504362313
510 0.7656540362182259 0.23434596378177436 0 0 0.7861706730630269
511 0.7220037559891438 0.27799624401085643 0 0 0.7858026797324945
512 0.5595217546777413 0.4404782453222584 0 1 0.7854348703526359
513 0.694579650032887 0.30542034996711287 0 0 0.7850672448314988
514 0.6149960469036475 0.38500395309635277 0 0 0.7846998030771766
515 0.938818977528689 0.061181022471310846 0 0 0.784332544997809
516 0.8671150232848392 0.13288497671516064 0 0 0.7839654705015816
517 0.9447388303823022 0.05526116961769837 0 0 0.7835985794967256
518 0.9305493639684821 0.06945063603151773 0 0 0.7832318718915182
519 0.8536031529849651 0.14639684701503497 0 0 0.7828653475942827
520 0.6132776628927683 0.3867223371072317 0 1 0.782499006513388
521 0.9590372504328741 0.040962749567126096 0 0 0.7821328485572486
522 0.6364688938782177 0.36353110612178235 0 1 0.7817668736343252
523 0.8935590526700474 0.10644094732995245 0 0 0.7814010816531239
524 0.9125860660276242 0.08741393397237555 0 0 0.7810354725221971
525 0.8982337326080269 0.1017662673919733 0 0 0.780670046150142
526 0.6287595533670775 0.3712404466329226 0 1 0.7803048024456023
527 0.6029645727055724 0.3970354272944279 0 0 0.7799397413172671
528 0.8383179746486942 0.13914982103724421 0 0 0.7795748626738708
529 0.5920312269741965 0.38552609100884205 0 0 0.7792101664241943
530 0.7644800768837239 0.2355199231162759 0 0 0.7788456524770629
531 0.6180116027393364 0.38198839726066364 0 0 0.7784813207413486
532 0.8085883745753181 0.19141162542468218 0 0 0.7781171711259682
533 0.9443325357549465 0.05566746424505304 0 0 0.7777532035398844
534 0.94874178922826 0.051258210771739615 0 1 0.7773894178921053
535 0.5588273687817287 0.44117263121827116 0 1 0.7770258140916845
536 0.8749287731353957 0.12507122686460403 0 0 0.7766623920477208
537 0.6141599498459153 0.38584005015408507 0 1 0.776299151669359
538 0.7717540257662107 0.20678918322566014 0 0 0.775936092865789
539 0.24055310936556126 0.7594468906344389 1 1 0.7755732155462459
540 0.6777316512088283 0.32226834879117183 0 0 0.7752105196200105
541 0.6815192645440517 0.31848073545594857 0 1 0.7748480049964088
542 0.7042453947689531 0.27391780852231773 0 0 0.7744856715848121
543 0.5271239381442505 0.45099587002783503 0 0 0.7741235192946371
544 0.7884473743599826 0.1896413893598431 0 0 0.7737615480353457
545 0.4612373145368213 0.5387626854631788 1 1 0.773399757716445
546 0.6268381261340197 0.3731618738659802 0 0 0.7730381482474876
547 0.6229820886690277 0.37701791133097207 0 0 0.7726767195380709
548 0.7732933445541307 0.22670665544586932 0 0 0.772315471497838
549 0.6096992809900852 0.3903007190099147 0 1 0.7719544040364766
550 0.7208039852035423 0.27919601479645795 0 0 0.77159351706372
551 0.8185319782782284 0.1814680217217711 0 0 0.7712328104893466
552 0.725589008058286 0.27441099194171426 0 0 0.7708722842231793
553 0.4839992633393279 0.5160007366606725 1 0 0.770511938175087
554 0.9360462865895683 0.06395371341043207 0 0 0.7701517722549829
555 0.949422319767258 0.050577680232741985 0 0 0.7697917863728256
556 0.6105469873502859 0.3894530126497141 0 1 0.7694319804386187
557 0.4979826842320319 0.48248368653947676 0 0 0.7690723543624107
558 0.5099287031812967 0.029573739763743778 0 0 0.768712908054295
559 0.6875420784579565 0.2928506498317427 0 1 0.76835364142441
560 0.5928974160402688 0.3868172084067284 0 0 0.7679945543829392
561 0.888907751861467 0.11109224813853283 0 0 0.7676356468401107
562 0.5568772468214358 0.4228136053636215 0 0 0.7672769187061976
563 0.6488673922730054 0.33082469723192814 0 1 0.7669183698915178
564 0.6597541285440601 0.31997584456895817 0 1 0.7665600003064346
565 0.7313641013629765 0.2484377429507282 0 0 0.7662018098613548
566 0.711571482032547 0.2884285179674535 0 0 0.7658437984667313
567 0.4596050118718189 0.5403949881281813 1 0 0.7654859660330613
568 0.6843685543405446 0.3156314456594557 0 0 0.7651283124708864
569 0.7152792748455219 0.2847207251544783 0 1 0.7647708376907933
570 0.4133278158371226 0.5866721841628779 1 1 0.7644135416034135
571 0.6007885772663321 0.3992114227336683 0 1 0.7640564241194228
572 0.6706151351580293 0.32938486484197066 0 0 0.7636994851495418
573 0.5523398701649626 0.44766012983503767 0 0 0.7633427246045357
574 0.7352087170904132 0.26479128290958653 0 0 0.7629861423952146
575 0.6895961575710453 0.31040384242895497 0 0 0.7626297384324328
576 0.6298513042085389 0.3701486957914611 0 1 0.7622735126270892
577 0.6569830171437151 0.34301698285628485 0 1 0.7619174648901277
578 0.524103595821766 0.47589640417823414 0 0 0.7615615951325359
579 0.4809235074876457 0.5190764925123544 1 0 0.7612059032653468
580 0.25598446666413077 0.2423807873927782 0 0 0.760850389199637
581 0.5436392783349945 0.4563607216650055 0 1 0.7604950528465283
582 0.5418736811526409 0.45812631884735927 0 0 0.7601398941171865
583 0.5345809834639423 0.44388902516330153 0 0 0.7597849129228219
584 0.6344996966823004 0.36550030331769967 0 0 0.7594301091746893
585 0.4891194291932938 0.5108805708067062 1 0 0.7590754827840877
586 0.7256000069167943 0.2743999930832058 0 0 0.7587210336623604
587 0.20430925885366888 0.7956907411463311 1 0 0.7583667617208953
588 0.6295186495729913 0.3275762747829146 0 1 0.7580126668711242
589 0.585864338966148 0.41413566103385197 0 0 0.7576587490245236
590 0.7329840827644216 0.2670159172355779 0 0 0.7573050080926139
591 0.6283097681408414 0.3716902318591587 0 0 0.75695144398696
592 0.667057468367452 0.3329425316325479 0 0 0.7565980566191707
593 0.9168064398005634 0.0831935601994367 0 0 0.7562448459008991
594 0.352945050299538 0.6470549497004622 1 1 0.7558918117438429
595 0.6122032402449025 0.38779675975509753 0 1 0.7555389540597433
596 0.587795352037851 0.4122046479621493 0 1 0.7551862727603856
597 0.6602724157851064 0.33972758421489346 0 0 0.7548337677576
598 0.6721281542901848 0.3278718457098152 0 0 0.75448143896326
599 0.6943671641574494 0.2837383850031088 0 0 0.7541292862892833
600 0.8425349729051174 0.1574650270948825 0 0 0.753777309647632
601 0.8542649159284916 0.14573508407150848 0 0 0.7534255089503117
602 0.6929388693893216 0.28515743400627014 0 0 0.7530738841093723
603 0.8977192189321344 0.08599403075315658 0 0 0.7527224350369075
604 0.5103721759080035 0.46864180926820215 0 1 0.7523711616450554
605 0.8612564802822013 0.13874351971779902 0 0 0.7520200638459971
606 0.6185603638735265 0.3814396361264735 0 1 0.7516691415519585
607 0.6508526937073249 0.3491473062926752 0 1 0.7513183946752089
608 0.49160320182180944 0.49236736081722304 1 0 0.7509678231280615
609 0.5054679656862582 0.45704220569951765 0 0 0.7506174268228738
610 0.367061678990739 0.6329383210092613 1 1 0.7502672056720464
611 0.5589913696237292 0.4410086303762708 0 0 0.749917159588024
612 0.7172080546978835 0.2675464781289275 0 0 0.7495672884832951
613 0.5496535440064261 0.4503464559935738 0 0 0.7492175922703921
614 0.40575154973186117 0.5942484502681391 1 0 0.7488680708618907
615 0.5652229816508999 0.43477701834909993 0 0 0.7485187241704107
616 0.3325810939091805 0.667418906090819 1 1 0.7481695521086154
617 0.8254982884354031 0.17450171156459732 0 0 0.7478205545892116
618 0.6586873561931345 0.30147452036417133 0 0 0.7474717315249502
619 0.8760182671508655 0.12398173284913441 0 0 0.7471230828286254
620 0.8742853922931595 0.10794933419514832 0 0 0.7467746084130747
621 0.8601558720855703 0.051524707341047346 0 0 0.7464263081911799
622 0.7852169435685256 0.21478305643147452 0 1 0.7460781820758658
623 0.7601412833986145 0.21839273661386746 0 1 0.7457302299801009
624 0.5189832879565107 0.4810167120434896 0 0 0.745382451816897
625 0.7219343126218678 0.2584528789689015 0 0 0.7450348474993097
626 0.7360729429549379 0.24238407429169928 0 0 0.7446874169404379
627 0.8216426117956639 0.1615770151097333 0 0 0.744340160053424
628 0.6660846621378946 0.33391533786210525 0 0 0.7439930767514537
629 0.586775776806371 0.3930295322495413 0 0 0.7436461669477562
630 0.6065840828784904 0.39341591712150964 0 0 0.743299430555604
631 0.8428082099633056 0.15719179003669442 0 0 0.742952867488313
632 0.48731180617467107 0.4555658985710632 0 0 0.7426064776592426
633 0.9028179396710466 0.07580285720328762 0 0 0.7422602609817952
634 0.7195248442789326 0.28047515572106735 0 0 0.7419142173694167
635 0.7063786081991784 0.29362139180082186 0 0 0.741568346735596
636 0.7587982529323626 0.00612593607606051 0 1 0.7412226489938657
637 0.6747634267655748 0.32523657323442545 0 0 0.7408771240578012
638 0.7889860416250156 0.21101395837498463 0 0 0.7405317718410214
639 0.7563510572820968 0.24364894271790363 0 0 0.740186592257188
640 0.9745313492347766 0.02546865076522331 0 0 0.7398415852200064
641 0.7436337820009845 0.2563662179990153 0 0 0.7394967506432246
642 0.9541598928510914 0.04584010714890904 0 0 0.7391520884406341
643 0.36050686478176924 0.6394931352182307 1 1 0.7388075985260694
644 0.9615708962521912 0.038429103747808266 0 0 0.7384632808134077
645 0.6966646475570086 0.2671255419943392 0 0 0.7381191352165699
646 0.8757994149139536 0.08795010003396517 0 0 0.7377751616495195
647 0.7698235797473258 0.2301764202526738 0 0 0.7374313600262631
648 0.8004188300552091 0.19958116994479105 0 0 0.7370877302608503
649 0.6349119948650784 0.3650880051349213 0 0 0.7367442722673737
650 0.8256746777492205 0.15622853611591853 0 0 0.7364009859599686
651 0.6412055351753299 0.3587944648246699 0 1 0.7360578712528136
652 0.7533369671642083 0.24666303283579186 0 0 0.7357149280601301
653 0.35422904920860104 0.6457709507913991 1 1 0.735372156296182
654 0.8465278462243648 0.15347215377563536 0 0 0.7350295558752767
655 0.6465571707501744 0.33491642536218524 0 0 0.7346871267117638
656 0.3838553285421735 0.6161446714578261 1 1 0.7343448687200363
657 0.9017503413732639 0.09824965862673606 0 0 0.7340027818145295
658 0.685548351326801 0.3144516486731989 0 0 0.7336608659097217
659 0.8343384544425699 0.16566154555743035 0 0 0.7333191209201338
660 0.6931841594077192 0.30681584059228095 0 0 0.7329775467603299
661 0.5792031880719096 0.4207968119280902 0 0 0.7326361433449161
662 0.3392049187120934 0.6607950812879064 1 0 0.7322949105885418
663 0.756700580051759 0.2234921094362351 0 0 0.7319538484058986
664 0.4450971817437553 0.5549028182562445 1 1 0.7316129567117211
665 0.8181383012536405 0.1818616987463597 0 0 0.7312722354207863
666 0.9449101936124854 0.055089806387514574 0 0 0.730931684447914
667 0.928283283391171 0.07171671660882878 0 0 0.7305913037079662
668 0.990321588413138 0.00967841158686205 0 0 0.7302510931158481
669 0.9709788610786528 0.029021138921347188 0 0 0.7299110525865067
670 0.6990059389232224 0.30099406107677773 0 0 0.7295711820349319
671 0.7946071046899128 0.1269343459171537 0 1 0.7292314813761562
672 0.6446113453602706 0.35538865463972946 0 1 0.7288919505252545
673 0.5709348668885355 0.4290651331114649 0 1 0.7285525893973438
674 0.3813409156852055 0.6005017940980073 1 0 0.728213397907584
675 0.19497959546780813 0.6033795562699129 1 0 0.7278743759711773
676 0.1391075221244661 0.8425206528312678 1 1 0.7275355235033681
677 0.21858066669831877 0.7446739406435877 1 1 0.7271968404194433
678 0.7494035199239195 0.23238145746047362 0 0 0.7268583266347322
679 0.0969072028284195 0.8845519084084306 1 1 0.7265199820646062
680 0.689986839850599 0.2734992746292312 0 0 0.7261818066244792
681 0.5771648721160904 0.32923170918466516 0 1 0.7258438002298074
682 0.7631860460846118 0.13850214030685762 0 0 0.7255059627960893
683 0.5311927466798604 0.4325681447702705 0 0 0.7251682942388652
684 0.7583879990032172 0.04335051097572069 0 0 0.7248307944737185
685 0.44559601362184603 0.5179239293338831 1 1 0.7244934634162736
686 0.8143320124918962 0.18566798750810407 0 0 0.7241563009821983
687 0.7395496439532214 0.26045035604677863 0 0 0.7238193070872015
688 0.5170859842103214 0.4829140157896785 0 0 0.7234824816470352
689 0.603884114460652 0.3961158855393476 0 0 0.7231458245774928
690 0.08803197096522963 0.9119680290347704 1 1 0.72280933579441
691 0.8528947582174415 0.12796273629677213 0 0 0.7224730152136646
692 0.7979729641547274 0.10918062618195794 0 0 0.7221368627511766
693 0.6564662026115369 0.3435337973884633 0 1 0.7218008783229077
694 0.3591053915930409 0.6408946084069589 1 1 0.721465061844862
695 0.6550333722719366 0.32586691603341783 0 0 0.7211294132330852
696 0.6332044075504526 0.3476563455845515 0 1 0.7207939324036652
697 0.5462114480861159 0.4537885519138842 0 0 0.7204586192727317
698 0.5327511833236713 0.4672488166763285 0 0 0.7201234737564566
699 0.28780751379227887 0.04197519869307626 0 0 0.7197884957710535
700 0.85771322387496 0.1422867761250401 0 0 0.7194536852327778
701 0.8108154556373646 0.15025189945437706 0 0 0.7191190420579268
702 0.8113164062676897 0.1340571985619493 0 0 0.7187845661628398
703 0.6672643452244602 0.2406629975100546 0 1 0.7184502574638979
704 0.3745175107859334 0.569604559063052 1 1 0.7181161158775239
705 0.4101521918391426 0.5168977211770506 1 1 0.7177821413201823
706 0.1309090668721875 0.7196912644703323 1 0 0.7174483337083795
707 0.38784469638074165 0.4801180784729121 1 1 0.7171146929586635
708 0.3210799161721136 0.5090172637969552 1 1 0.7167812189876244
709 0.5183471303584695 0.4040155084614648 0 0 0.7164479117118934
710 0.6729138686626969 0.24923208201238436 0 0 0.7161147710481438
711 0.6478664378502738 0.35213356214972663 0 1 0.7157817969130904
712 0.3304473452784842 0.6695526547215157 1 1 0.7154489892234898
713 0.6429697475738247 0.3570302524261752 0 0 0.7151163478961399
714 0.6988173432237966 0.3011826567762033 0 0 0.7147838728478805
715 0.7461698102371709 0.2538301897628291 0 0 0.7144515639955927
716 0.7466483548089448 0.25335164519105546 0 0 0.7141194212561994
717 0.6386614140914582 0.36133858590854157 0 0 0.7137874445466649
718 0.794036251094536 0.20596374890546415 0 0 0.7134556337839949
719 0.7086579056145331 0.29134209438546715 0 0 0.7131239888852369
720 0.8327587761236871 0.1672412238763128 0 0 0.7127925097674795
721 0.5596338240515921 0.440366175948408 0 0 0.7124611963478531
722 0.8318802977083334 0.1681197022916666 0 0 0.7121300485435291
723 0.8621914428513896 0.13780855714861054 0 0 0.7117990662717207
724 0.6962593447666138 0.30374065523338595 0 0 0.7114682494496825
725 0.8767700711341254 0.12322992886587471 0 0 0.7111375979947099
726 0.4717613490501516 0.5282386509498486 1 1 0.7108071118241404
727 0.3022087560224281 0.6977912439775719 1 1 0.7104767908553521
728 0.5840961446897811 0.4159038553102189 0 1 0.7101466350057651
729 0.6890477193998481 0.3109522806001519 0 0 0.7098166441928402
730 0.18673201288280358 0.7737139151180353 1 0 0.70948681833408
731 0.562028593277565 0.4379714067224355 0 0 0.7091571573470277
732 0.5606835096817228 0.4393164903182777 0 0 0.7088276611492681
733 0.17779125345867486 0.8222087465413251 1 1 0.7084983296584272
734 0.4268237369803917 0.5731762630196083 1 0 0.7081691627921721
735 0.18068137411586943 0.8193186258841308 1 1 0.7078401604682113
736 0.2690309450271709 0.730969054972829 1 0 0.7075113226042938
737 0.4995827427835255 0.5004172572164743 1 1 0.7071826491182106
738 0.4282450518777714 0.5717549481222289 1 0 0.7068541399277931
739 0.3121864402451313 0.6878135597548692 1 0 0.7065257949509139
740 0.5422694387124534 0.45773056128754686 0 0 0.706197614105487
741 0.7408355144071109 0.25916448559288885 0 0 0.7058695973094669
742 0.6370215391905318 0.36297846080946816 0 1 0.7055417444808496
743 0.8562532389911816 0.14374676100881884 0 0 0.7052140555376718
744 0.7882475915137628 0.19354802919868178 0 0 0.7048865303980113
745 0.8781279319166585 0.10361017224943919 0 0 0.7045591689799868
746 0.34298983724357657 0.6570101627564233 1 1 0.704231971201758
747 0.88499680031946 0.11500319968053987 0 0 0.7039049369815255
748 0.5935738578591272 0.3083273686300434 0 0 0.7035780662375305
749 0.8522985831964256 0.12863540947018454 0 0 0.7032513588880555
750 0.7449861284115025 0.255013871588498 0 0 0.7029248148514237
751 0.7414209955744353 0.23993268697449924 0 0 0.7025984340459989
752 0.14558330167146416 0.8357589944055798 1 1 0.702272216390186
753 0.8103009549804927 0.1896990450195075 0 1 0.7019461618024306
754 0.8861365412582443 0.11386345874175567 0 0 0.7016202702012192
755 0.900813262278295 0.08049209015963477 0 0 0.7012945415050786
756 0.9282657681875242 0.0717342318124759 0 0 0.7009689756325769
757 0.08121798984163484 0.9187820101583652 1 1 0.7006435725023222
758 0.7488708259588797 0.25112917404112073 0 0 0.7003183320329643
759 0.8012790791663974 0.17873267932634254 0 0 0.6999932541431928
760 0.7457681989833267 0.25423180101667353 0 0 0.6996683387517381
761 0.7914856936431893 0.20851430635681079 0 0 0.6993435857773715
762 0.9165789442010343 0.0834210557989657 0 0 0.6990189951389048
763 0.9634961370921952 0.0006188518656564537 0 0 0.6986945667551901
764 0.9783817693787816 0.003619015912869975 0 0 0.6983703005451206
765 0.9638620652629926 0.036137934737007445 0 0 0.6980461964276296
766 0.9519683934861701 0.04803160651383005 0 0 0.697722254321691
767 0.10968366115126481 0.8903163388487347 1 1 0.6973984741463195
768 0.9668749859256068 0.033125014074393354 0 0 0.6970748558205697
769 0.6621702541080082 0.33782974589199194 0 0 0.6967513992635375
770 0.9964462501282018 0.0035537498717984088 0 0 0.6964281043943583
771 0.6750676340499648 0.3249323659500353 0 1 0.6961049711322086
772 0.44089526651632377 0.559104733483676 1 0 0.695781999396305
773 0.490876266168606 0.5091237338313941 1 1 0.6954591891059047
774 0.932222278279085 0.049944969253948264 0 0 0.6951365401803049
775 0.5566844810184484 0.44331551898155197 0 0 0.6948140525388437
776 0.08627625744721516 0.8941968834706614 1 1 0.6944917261008988
777 0.5869169760689192 0.413083023931081 0 0 0.6941695607858889
778 0.4724427404691893 0.5275572595308108 1 1 0.6938475565132726
779 0.5691326316327929 0.4308673683672071 0 0 0.6935257132025486
780 0.7626150751016901 0.2373849248983096 0 0 0.6932040307732564
781 0.4155585557628866 0.5844414442371132 1 0 0.6928825091449753
782 0.9280671681701305 0.017753570609725676 0 0 0.6925611482373247
783 0.49940154429156697 0.48282553451202365 0 1 0.6922399479699646
784 0.27475148354560147 0.725248516454399 1 0 0.6919189082625947
785 0.35490706307325093 0.6450929369267486 1 1 0.6915980290349553
786 0.17487960609430436 0.8251203939056954 1 1 0.6912773102068266
787 0.9547427077741678 0.045257292225831726 0 0 0.6909567516980287
788 0.6512688085303331 0.3301282019450057 0 0 0.690636353428422
789 0.919806813144577 0.06158027078385686 0 0 0.690316115317907
790 0.611124657854486 0.3888753421455142 0 0 0.6899960372864243
791 0.42368185368983097 0.5763181463101693 1 0 0.6896761192539541
792 0.08783101417998178 0.9121689858200186 1 1 0.6893563611405171
793 0.0793838961934349 0.920616103806565 1 1 0.6890367628661737
794 0.30107029817252545 0.6989297018274745 1 1 0.6887173243510244
795 0.22887723079019023 0.7711227692098099 1 0 0.6883980455152096
796 0.9633559860731742 0.0366440139268258 0 0 0.6880789262789093
797 0.9826565841325705 0.01734341586742956 0 0 0.687759966562344
798 0.686445310086215 0.3135546899137848 0 0 0.6874411662857736
799 0.8836218270868077 0.11637817291319251 0 0 0.6871225253694981
800 0.33517741479103236 0.6648225852089673 1 0 0.6868040437338574
801 0.9869987176902045 0.013001282309795907 0 0 0.6864857212992308
802 0.961137257140322 0.038862742859678445 0 0 0.6861675579860379
803 0.36216096593633884 0.6378390340636606 1 1 0.6858495537147378
804 0.9709820012596057 0.02901799874039421 0 0 0.6855317084058294
805 0.17916751527787675 0.8208324847221232 1 1 0.6852140219798515
806 0.9680369800181913 0.013873486827319573 0 0 0.6848964943573823
807 0.8152424140678022 0.16664250991902346 0 0 0.6845791254590401
808 0.9273156813469831 0.072684318653017 0 0 0.6842619152054825
809 0.5307349836340058 0.4501155456472119 0 1 0.683944863517407
810 0.8749815156008717 0.12501848439912844 0 0 0.6836279703155507
811 0.5367427033934775 0.40894267120390504 0 1 0.6833112355206903
812 0.712659648920652 0.2873403510793482 0 1 0.6829946590536421
813 0.10147082914678225 0.8985291708532178 1 1 0.6826782408352619
814 0.502778398833299 0.497221601166701 0 0 0.6823619807864452
815 0.883569056938567 0.11643094306143281 0 0 0.682045878828127
816 0.7817873613486129 0.21821263865138657 0 0 0.6817299348812819
817 0.2819416513735375 0.28959351495711594 1 0 0.6814141488669236
818 0.4461524335907226 0.5538475664092776 1 0 0.6810985207061059
819 0.892771309440229 0.10722869055977108 0 0 0.6807830503199217
820 0.26986376493697445 0.7301362350630256 1 1 0.6804677376295034
821 0.5055459158209217 0.4752283413521761 0 1 0.6801525825560227
822 0.8360722643545192 0.10692154836799007 0 0 0.679837585020691
823 0.30710150251095436 0.6737780981844336 1 0 0.6795227449447588
824 0.09861939291482752 0.8638335719869344 1 0 0.6792080622495161
825 0.8455927473488037 0.062351165252095754 0 0 0.6788935368562923
826 0.5975879048177406 0.38297386342707174 0 0 0.678579168686456
827 0.8823139341366767 0.11768606586332378 0 0 0.678264957661415
828 0.6560664861991861 0.3439335138008138 0 0 0.6779509037026168
829 0.35126948818258164 0.6487305118174185 1 1 0.6776370067315478
830 0.5522333649969473 0.4477666350030526 0 1 0.6773232666697337
831 0.5761161581891404 0.4238838418108595 0 1 0.6770096834387397
832 0.6260208720614308 0.37397912793856947 0 1 0.6766962569601696
833 0.264878715223718 0.7160626234945964 1 1 0.6763829871556671
834 0.7439524209247684 0.25604757907523146 0 1 0.6760698739469146
835 0.306398543300646 0.693601456699354 1 0 0.675756917255634
836 0.6938561342900474 0.28664412867743794 0 0 0.6754441170035859
837 0.641413832905462 0.33904791123839806 0 0 0.6751314731125703
838 0.8788599298777765 0.12114007012222333 0 0 0.6748189855044261
839 0.3485856197870362 0.6325073280767132 1 0 0.6745066541010316
840 0.30810468937637947 0.6918953106236205 1 1 0.6741944788243039
841 0.2894872886217091 0.7105127113782911 1 1 0.6738824595961992
842 0.3045747046325697 0.6954252953674307 1 0 0.6735705963387126
843 0.33254205586505065 0.6484958677605874 1 1 0.6732588889738784
844 0.32946923870855016 0.6705307612914503 1 1 0.6729473374237697
845 0.6572197702058415 0.34278022979415856 0 1 0.6726359416104986
846 0.3349681197059078 0.6454573001832745 1 1 0.6723247014562159
847 0.6219832935284159 0.3780167064715839 0 0 0.6720136168831121
848 0.4151942396787524 0.5848057603212473 1 0 0.6717026878134157
849 0.3983033117831264 0.6016966882168742 1 0 0.6713919141693944
850 0.39736747233161873 0.6026325276683817 1 1 0.671081295873355
851 0.4421569302751258 0.557843069724874 1 0 0.6707708328476427
852 0.8511731771535658 0.1488268228464347 0 0 0.6704605250146418
853 0.8141703144669925 0.1858296855330076 0 0 0.6701503722967755
854 0.5899528366341349 0.41004716336586533 0 1 0.6698403746165054
855 0.5605325086064998 0.4394674913935003 0 0 0.6695305318963323
856 0.8251897510453808 0.15600024878353486 0 0 0.6692208440587953
857 0.8861563884676579 0.11384361153234257 0 0 0.6689113110264727
858 0.7855168098250352 0.214483190174965 0 0 0.6686019327219809
859 0.7930995546274615 0.20690044537253827 0 0 0.6682927090679757
860 0.7960657360111028 0.20393426398889725 0 0 0.6679836399871507
861 0.1407361940769431 0.859263805923057 1 1 0.6676747254022392
862 0.6786478204811465 0.3213521795188534 0 0 0.6673659652360121
863 0.1377897176862468 0.8622102823137531 1 1 0.6670573594112795
864 0.9255138587688216 0.07448614123117836 0 0 0.6667489078508901
865 0.6639879638792926 0.33601203612070796 0 0 0.6664406104777307
866 0.41395544199374096 0.5860445580062593 1 0 0.6661324672147273
867 0.21784230833684542 0.7821576916631551 1 1 0.6658244779848439
868 0.4524314604701973 0.5475685395298031 1 1 0.665516642711083
869 0.7951030841559813 0.20489691584401865 0 1 0.6652089613164862
870 0.2022107851120468 0.797789214887953 1 1 0.6649014337241329
871 0.6896763309598943 0.31032366904010555 0 0 0.6645940598571412
872 0.6685298578387122 0.33147014216128756 0 1 0.6642868396386676
873 0.41639844515021907 0.5836015548497817 1 0 0.6639797729919072
874 0.8986481148827645 0.10135188511723528 0 0 0.6636728598400933
875 0.26400283575880795 0.735997164241192 1 0 0.6633661001064974
876 0.5133849136804487 0.4866150863195516 0 0 0.6630594937144298
877 0.4513322087893326 0.5486677912106679 1 0 0.6627530405872389
878 0.3030359210792535 0.6784770583372813 1 1 0.6624467406483112
879 0.4394341561515343 0.5222622460449097 1 1 0.6621405938210719
880 0.7020051836501304 0.2594695102097084 0 0 0.6618346000289843
881 0.6567436052366163 0.2860859081426993 0 1 0.6615287591955499
882 0.6753154135845566 0.3057410401632175 0 1 0.6612230712443085
883 0.7899429529662153 0.1712424134976348 0 0 0.660917536098838
884 0.2104147672700353 0.7895852327299647 1 1 0.6606121536827546
885 0.20133058100635734 0.7986694189936426 1 0 0.660306923919713
886 0.54729824276392 0.4527017572360801 0 0 0.6600018467334055
887 0.759407222480868 0.20296172383643446 0 0 0.6596969220475628
888 0.3527449609727409 0.6284653249363996 1 0 0.6593921497859538
889 0.7523446316961164 0.24765536830388352 0 0 0.6590875298723855
890 0.5575083540267635 0.4424916459732367 0 0 0.6587830622307028
891 0.638013583974439 0.361986416025561 0 0 0.6584787467847888
892 0.5348246742421964 0.4651753257578035 0 0 0.6581745834585647
893 0.6798695343000191 0.32013046569998105 0 0 0.6578705721759897
894 0.6494701072007204 0.3505298927992798 0 0 0.6575667128610608
895 0.776004091871394 0.22399590812860612 0 0 0.6572630054378134
896 0.5038666902688475 0.4961333097311522 0 0 0.6569594498303204
897 0.5678834977614658 0.4321165022385342 0 0 0.6566560459626931
898 0.5167282468857541 0.4832717531142462 0 0 0.6563527937590804
899 0.1400071168561904 0.8599928831438097 1 1 0.6560496931436693
900 0.5841017736535657 0.3961274685165489 0 0 0.6557467440406847
901 0.09985366085249947 0.8630815444765586 1 1 0.6554439463743891
902 0.5466418765343143 0.45335812346568605 0 0 0.6551413000690834
903 0.6299702369705499 0.350052357068366 0 0 0.6548388050491059
904 0.9225473799240865 0.03929201569165057 0 0 0.6545364612388327
905 0.6373079579287166 0.36269204207128347 0 1 0.6542342685626781
906 0.8832678473140607 0.11673215268593895 0 0 0.6539322269450936
907 0.6497262338247384 0.3326793988936071 0 1 0.653630336310569
908 0.5804343292241354 0.40200418335564897 0 0 0.6533285965836317
909 0.9036720791905536 0.07689016986822625 0 0 0.6530270076888467
910 0.5581444874713657 0.4053145553439145 0 0 0.6527255695508168
911 0.932471227359355 0.04862481697279536 0 0 0.6524242820941824
912 0.8111271960710565 0.18887280392894337 0 0 0.6521231452436216
913 0.9503668840287174 0.011479502390142515 0 0 0.6518221589238503
914 0.8205030961378387 0.17949690386216124 0 1 0.6515213230596218
915 0.9496274035655317 0.05037259643446821 0 0 0.6512206375757272
916 0.38687823381581776 0.6131217661841825 1 1 0.6509201023969953
917 0.44471819181284644 0.5552818081871534 1 0 0.650619717448292
918 0.9268965865404196 0.07310341345958002 0 0 0.6503194826545211
919 0.8929568123169991 0.08814435798642951 0 0 0.6500193979406241
920 0.6520668308971208 0.34793316910287947 0 0 0.6497194632315797
921 0.48246625326051645 0.4996656312790993 1 1 0.6494196784524042
922 0.5858738522399698 0.39610524197927827 0 1 0.6491200435281514
923 0.6973608846611797 0.3026391153388203 0 0 0.6488205583839127
924 0.8859823791033077 0.09417144578064957 0 0 0.6485212229448166
925 0.7548207447092016 0.22530525605399193 0 0 0.6482220371360295
926 0.5608966307367443 0.41947349587936833 0 1 0.6479230008827548
927 0.5204495993848108 0.4795504006151893 0 0 0.6476241141102334
928 0.7388947608934624 0.2611052391065377 0 0 0.6473253767437435
929 0.5301444631729836 0.4497431700635671 0 0 0.647026788708601
930 0.92631200905156 0.054339438186335194 0 0 0.6467283499301587
931 0.829149046503744 0.1708509534962562 0 0 0.6464300603338071
932 0.3824608338852228 0.5975563804068958 1 0 0.6461319198449736
933 0.5689326494068916 0.4109890627054634 0 0 0.6458339283891233
934 0.8509779741388898 0.14902202586111038 0 0 0.6455360858917581
935 0.31494281561262943 0.6850571843873708 1 0 0.6452383922784176
936 0.6000935134948687 0.3817201395332903 0 1 0.6449408474746782
937 0.8845332438645557 0.11546675613544434 0 0 0.6446434514061538
938 0.879282106484783 0.12071789351521704 0 0 0.6443462039984952
939 0.6356595631827903 0.3447036333575658 0 0 0.6440491051773908
940 0.0839778985940667 0.875375120580931 1 0 0.6437521548685657
941 0.47022003531603224 0.5297799646839675 1 0 0.6434553529977826
942 0.588567188887862 0.41143281111213753 0 1 0.6431586994908406
943 0.2655625847193781 0.7344374152806221 1 1 0.6428621942735768
944 0.8698654108541611 0.13013458914583909 0 0 0.6425658372718644
945 0.8980483316356592 0.08377633846281297 0 0 0.6422696284116146
946 0.7593945118054329 0.22102779532307126 0 0 0.641973567618775
947 0.6543421457982344 0.34565785420176576 0 0 0.6416776548193303
948 0.46100201546028263 0.538997984539717 1 0 0.6413818899393023
949 0.7917674031214302 0.20823259687856976 0 1 0.6410862729047501
950 0.6575309843117877 0.3424690156882123 0 1 0.640790803641769
951 0.13142154820336552 0.8485333174537916 1 0 0.640495482076492
952 0.5616807011084832 0.4201274502805875 0 0 0.6402003081350885
953 0.5108752615354294 0.48912473846457083 0 0 0.6399052817437653
954 0.8990344787927186 0.100965521207281 0 0 0.6396104028287655
955 0.13455194127326542 0.8451097197129047 1 1 0.6393156713163693
956 0.7729094666662605 0.2270905333337399 0 0 0.6390210871328942
957 0.929814381985412 0.050662316115316616 0 0 0.638726650204694
958 0.8524332139156833 0.12860484328334423 0 0 0.6384323604581593
959 0.3970007650522009 0.5840297385946281 1 0 0.6381382178197178
960 0.09740881776451703 0.9025911822354832 1 1 0.6378442222158338
961 0.9506278120583355 0.029426199103248674 0 0 0.6375503735730085
962 0.9761274269808843 0.023872573019115988 0 0 0.6372566718177796
963 0.8777394757460888 0.10233455509354066 0 0 0.6369631168767217
964 0.0875953022092906 0.9124046977907094 1 1 0.636669708676446
965 0.40486534955289327 0.5951346504471071 1 1 0.6363764471436006
966 0.5576237555237628 0.44237624447623763 0 0 0.63608333220487
967 0.5736162458115427 0.3878798437470478 0 0 0.6357903637869756
968 0.6849133567100374 0.3150866432899626 0 0 0.6354975418166752
969 0.5259722193040512 0.47402778069594836 0 0 0.6352048662207632
970 0.625210459984897 0.3747895400151031 0 1 0.6349123369260709
971 0.6332702010371336 0.36672979896286656 0 1 0.6346199538594659
972 0.8252898620027707 0.17471013799722931 0 0 0.6343277169478523
973 0.8384580088186019 0.12469014973316725 0 0 0.634035626118171
974 0.9201662817239946 0.04156417605844147 0 0 0.6337436812973992
975 0.563338990763633 0.4167041633646769 0 0 0.6334518824125509
976 0.10460161639710218 0.8391886903197242 1 1 0.6331602293906763
977 0.5244551587546008 0.45784516300551675 0 0 0.6328687221588619
978 0.12676604611190595 0.8540532002315177 1 1 0.6325773606442311
979 0.3829315795713863 0.5598314383899893 1 1 0.6322861447739436
980 0.820604315764617 0.16170584150936623 0 0 0.6319950744751953
981 0.3653665605674882 0.616893512874331 1 1 0.6317041496752187
982 0.7206507012619202 0.2241166345013489 0 0 0.6314133703012824
983 0.4190647182258469 0.5809352817741535 1 1 0.6311227362806918
984 0.8626499023048975 0.09882929234420192 0 0 0.6308322475407883
985 0.8797682665483534 0.08233648443513171 0 0 0.6305419040089496
986 0.5533386558568787 0.2943505344382227 0 1 0.63025170561259
987 0.8567738766624535 0.14322612333754645 0 0 0.6299616522791599
988 0.33031596648222095 0.6510975417930251 1 1 0.6296717439361458
989 0.3343868222672124 0.6478890928608726 1 1 0.6293819805110707
990 0.8070490796749887 0.19295092032501177 0 0 0.6290923619314938
991 0.2123803108083457 0.7876196891916544 1 1 0.6288028881250104
992 0.3200039999087144 0.6430694730580007 1 1 0.628513559019252
993 0.41640891005237757 0.5835910899476229 1 0 0.6282243745418864
994 0.3435198659903 0.6564801340097003 1 1 0.6279353346206175
995 0.8533418228892594 0.10903808406530163 0 0 0.6276464391831852
996 0.3309790365241255 0.6690209634758747 1 1 0.6273576881573657
997 0.7985953031348935 0.16415042374233063 0 1 0.6270690814709713
998 0.5033800236173342 0.4966199763826661 0 0 0.6267806190518502
999 0.8579654154451276 0.12287732929968569 0 0 0.6264923008278869
1000 0.24309247311605 0.7569075268839504 1 1 0.6262041267270018
1001 0.4936381235237345 0.5063618764762654 1 0 0.6259160966771513
1002 0.8857326887843112 0.0951169943536131 0 0 0.6256282106063281
1003 0.37440842619160686 0.6255915738083933 1 0 0.6253404684425605
1004 0.530932377724233 0.4313556267357297 0 0 0.6250528701139131
1005 0.2855618627380255 0.6951500411225879 1 1 0.624765415548486
1006 0.21093691272390813 0.7890630872760919 1 0 0.624478104674416
1007 0.22062042530802647 0.7602386231876015 1 1 0.6241909374198751
1008 0.835420307849438 0.14487307441694763 0 0 0.6239039137130715
1009 0.4190633552382497 0.5619408551634527 1 0 0.6236170334822493
1010 0.2263683422174279 0.7736316577825725 1 0 0.6233302966556885
1011 0.3721013237829445 0.5906287368348425 1 1 0.6230437031617049
1012 0.30392046593348876 0.6573515383046785 1 1 0.62275725292865
1013 0.8798886582322814 0.10026025277434245 0 0 0.6224709458849114
1014 0.6093128395940421 0.37080063093983995 0 0 0.6221847819589121
1015 0.8090007130767137 0.17102290820635016 0 0 0.6218987610791114
1016 0.5637297383087189 0.4362702616912814 0 0 0.6216128831740039
1017 0.8223650658668875 0.17763493413311263 0 0 0.6213271481721202
1018 0.3803913141121043 0.6196086858878959 1 0 0.6210415560020265
1019 0.9125346510855521 0.0874653489144479 0 0 0.6207561065923247
1020 0.296072048275314 0.6857548968121111 1 1 0.6204707998716527
1021 0.43640262620404785 0.5635973737959517 1 0 0.6201856357686835
1022 0.9042307828563062 0.09576921714369392 0 0 0.6199006142121263
1023 0.39716769600069324 0.602832303999307 1 0 0.6196157351307255
1024 0.3810034620920197 0.5987354941226227 1 0 0.6193309984532614
1025 0.9296268993901782 0.07037310060982212 0 0 0.6190464041085502
1026 0.8725492379247314 0.10895018716690902 0 0 0.6187619520254427
1027 0.5378914754091038 0.46210852459089596 0 0 0.6184776421328263
1028 0.5283897387762133 0.47161026122378646 0 0 0.6181934743596232
1029 0.3832163650380643 0.579078833626574 1 1 0.617909448634792
1030 0.4358261916551918 0.5641738083448086 1 0 0.6176255648873256
1031 0.7173860419315397 0.2633442906661096 0 0 0.6173418230462535
1032 0.11860226113633059 0.8607054491248283 1 1 0.6170582230406401
1033 0.4158430578132773 0.5841569421867228 1 1 0.6167747647995855
1034 0.8710112329348341 0.10862989967865065 0 0 0.6164914482522249
1035 0.46777935598020653 0.5110904885446568 1 0 0.6162082733277294
1036 0.46393572400937544 0.5148674114673543 1 0 0.6159252399553051
1037 0.8809612354879961 0.07869242034694073 0 0 0.6156423480641939
1038 0.6589354602876517 0.3410645397123482 0 0 0.6153595975836726
1039 0.7538301246615858 0.24616987533841478 0 0 0.6150769884430536
1040 0.13052726283401384 0.8694727371659859 1 1 0.6147945205716847
1041 0.8339750440481991 0.16602495595180092 0 1 0.6145121938989488
1042 0.7614081401336794 0.23859185986632028 0 0 0.6142300083542643
1043 0.35209632682325975 0.6479036731767405 1 0 0.613947963867085
1044 0.31902708347025455 0.6809729165297453 1 1 0.6136660603668994
1045 0.1599176234240121 0.8400823765759882 1 0 0.613384297783232
1046 0.6954461063032411 0.3045538936967586 0 0 0.6131026760456418
1047 0.3941564019899071 0.6058435980100928 1 1 0.6128211950837238
1048 0.5097150112133216 0.4902849887866785 0 0 0.6125398548271073
1049 0.9341296207853 0.0484496310936995 0 0 0.6122586552054574
1050 0.3405300636581686 0.6594699363418319 1 0 0.6119775961484744
1051 0.5944006855204748 0.4055993144795249 0 1 0.6116966775858933
1052 0.8747322387139301 0.12526776128607012 0 0 0.6114158994474844
1053 0.2520642233547612 0.7479357766452388 1 1 0.6111352616630534
1054 0.5448857653992719 0.45511423460072864 0 0 0.6108547641624407
1055 0.35432740001303425 0.6456725999869655 1 1 0.610574406875522
1056 0.4097375502277628 0.5902624497722376 1 1 0.6102941897322078
1057 0.8669757365758716 0.09354602835974396 0 0 0.6100141126624443
1058 0.9280639433264488 0.0719360566735516 0 0 0.6097341755962116
1059 0.2542885787002837 0.7457114212997163 1 0 0.6094543784635258
1060 0.7004760180011749 0.26057977724017833 0 0 0.6091747211944375
1061 0.4944138262354834 0.5055861737645166 1 0 0.6088952037190324
1062 0.41111093228560025 0.5888890677143997 1 0 0.6086158259674311
1063 0.5658959489463515 0.4341040510536487 0 0 0.6083365878697893
1064 0.3185759496859232 0.681424050314077 1 1 0.6080574893562972
1065 0.8278497401423877 0.17215025985761212 0 0 0.6077785303571807
1066 0.9358735262487589 0.0641264737512408 0 0 0.6074997108026994
1067 0.5829152683727602 0.41708473162723975 0 1 0.6072210306231488
1068 0.6947544148528403 0.30524558514715994 0 0 0.6069424897488587
1069 0.9060251464315704 0.09397485356842926 0 0 0.606664088110194
1070 0.9182185415680003 0.08178145843199963 0 0 0.606385825637554
1071 0.9231309340162245 0.0768690659837757 0 0 0.6061077022613736
1072 0.8148581812198151 0.18514181878018496 0 0 0.6058297179121216
1073 0.5613787210067372 0.4386212789932625 0 1 0.605551872520302
1074 0.9122182118696526 0.08778178813034716 0 0 0.6052741660164532
1075 0.2739658956379439 0.7260341043620557 1 0 0.604996598331149
1076 0.6386012596998425 0.36139874030015756 0 0 0.6047191693949973
1077 0.11901387801712976 0.8809861219828702 1 1 0.6044418791386408
1078 0.4026069499371007 0.5973930500628999 1 0 0.6041647274927568
1079 0.9511004213844156 0.04889957861558492 0 0 0.6038877143880578
1080 0.5404152865153659 0.4595847134846344 0 1 0.6036108397552902
1081 0.6121819693828615 0.3878180306171386 0 0 0.6033341035252354
1082 0.2686101508599157 0.7102163890184001 1 0 0.6030575056287094
1083 0.19432171087721883 0.7852321057012321 1 0 0.6027810459965627
1084 0.9463619187937639 0.053638081206236185 0 0 0.6025047245596803
1085 0.8490572660888835 0.11217395183812437 0 0 0.602228541248982
1086 0.9241274813133652 0.07587251868663523 0 0 0.6019524959954218
1087 0.8783367717788829 0.12166322822111658 0 1 0.6016765887299884
1088 0.18770640193297428 0.774196671404593 1 0 0.6014008193837053
1089 0.8068559563289761 0.17199138783963244 0 1 0.6011251878876297
1090 0.8058975069405723 0.19410249305942806 0 0 0.600849694172854
1091 0.8264742820982266 0.15238660821207997 0 0 0.6005743381705049
1092 0.816864996066601 0.1831350039333991 0 0 0.600299119811743
1093 0.6318616373993908 0.3681383626006094 0 0 0.6000240390277639
1094 0.5258555977923925 0.4741444022076077 0 0 0.5997490957497975
1095 0.4599066446343779 0.540093355365622 1 1 0.5994742899091079
1096 0.5554148227129392 0.4268466182295109 0 0 0.5991996214369936
1097 0.8123609730793332 0.16982517625610388 0 0 0.5989250902647877
1098 0.273176638624469 0.7089815278439778 1 1 0.598650696323857
1099 0.20272243147700494 0.797277568522995 1 0 0.5983764395456033
1100 0.7752191652800018 0.16856178073555156 0 0 0.5981023198614623
1101 0.5225116110701093 0.4774883889298904 0 0 0.5978283372029043
1102 0.1771341512355789 0.784523724152149 1 1 0.5975544915014334
1103 0.45997335484273066 0.5400266451572692 1 0 0.5972807826885881
1104 0.5116718178919657 0.4698897346631039 0 0 0.5970072106959413
1105 0.5886336250486164 0.4113663749513839 0 1 0.5967337754551001
1106 0.508441749910065 0.49155825008993537 0 0 0.5964604768977056
1107 0.6087147021354928 0.3912852978645074 0 0 0.5961873149554333
1108 0.5666375318890989 0.4333624681109012 0 0 0.5959142895599925
1109 0.7639459543074081 0.23605404569259203 0 0 0.5956414006431268
1110 0.7135961973967885 0.2864038026032114 0 0 0.5953686481366142
1111 0.5143757319273341 0.46763698630135925 0 1 0.5950960319722666
1112 0.7461681089510259 0.2359183207627469 0 0 0.5948235520819296
1113 0.2578853303269603 0.7222760335203839 1 1 0.5945512083974837
1114 0.8313769976192105 0.15063677239367876 0 0 0.5942790008508425
1115 0.8362741631807137 0.16372583681928615 0 0 0.5940069293739545
1116 0.449788178906116 0.5502118210938838 1 1 0.5937349938988016
1117 0.27782517359164566 0.6838996469435472 1 0 0.5934631943574
1118 0.34364491541786685 0.6563550845821332 1 1 0.5931915306817999
1119 0.3036649043492417 0.6963350956507585 1 0 0.5929200028040853
1120 0.2109240549150994 0.789075945084901 1 1 0.5926486106563742
1121 0.836316041728589 0.0862445315469583 0 0 0.5923773541708186
1122 0.5655091165295328 0.4344908834704673 0 1 0.5921062332796042
1123 0.26629355009371614 0.3358701101474793 1 0 0.5918352479149512
1124 0.486959434113538 0.5130405658864619 1 1 0.5915643980091128
1125 0.5920468176003358 0.4079531823996643 0 1 0.5912936834943768
1126 0.5057927363124745 0.22754855028355558 0 0 0.5910231043030645
1127 0.5774308092710811 0.422569190728919 0 0 0.5907526603675312
1128 0.5068463916300648 0.4931536083699349 0 0 0.5904823516201657
1129 0.40261896332336733 0.5973810366766323 1 1 0.5902121779933909
1130 0.4576795423736683 0.5423204576263321 1 0 0.5899421394196634
1131 0.3113137787945244 0.6886862212054758 1 0 0.5896722358314737
1132 0.8094971627518436 0.15226915493195733 0 1 0.5894024671613456
1133 0.4767565371507925 0.5232434628492078 1 0 0.5891328333418372
1134 0.6620164447833783 0.3379835552166218 0 1 0.5888633343055399
1135 0.8852170843488538 0.114782915651146 0 0 0.588593969985079
1136 0.5619311528066964 0.37768852055761376 0 0 0.5883247403131134
1137 0.5985420035935288 0.401457996406471 0 0 0.5880556452223358
1138 0.6238653334944306 0.3761346665055691 0 0 0.587786684645472
1139 0.829012156416759 0.17098784358324096 0 0 0.5875178585152825
1140 0.8756725085488595 0.10650834149815022 0 0 0.5872491667645603
1141 0.529645935348539 0.4493070847968568 0 0 0.5869806093261325
1142 0.5174750108285224 0.48252498917147757 0 1 0.5867121861328599
1143 0.4817410381664832 0.5182589618335166 1 1 0.5864438971176367
1144 0.8208326043520511 0.17916739564794898 0 0 0.5861757422133904
1145 0.35011909208897285 0.6498809079110272 1 1 0.5859077213530826
1146 0.29175154040252466 0.7082484595974753 1 1 0.5856398344697079
1147 0.41478140075564984 0.5852185992443503 1 1 0.5853720814962946
1148 0.42061470045680827 0.5793852995431916 1 1 0.5851044623659044
1149 0.8137228471444209 0.18627715285557897 0 0 0.5848369770116327
1150 0.37683221713388043 0.6231677828661196 1 1 0.584569625366608
1151 0.3812757873370414 0.6187242126629589 1 0 0.5843024073639923
1152 0.5493599900357142 0.4506400099642859 0 0 0.5840353229369813
1153 0.4428813902946765 0.5571186097053236 1 0 0.5837683720188038
1154 0.29666562857365 0.7033343714263501 1 1 0.5835015545427222
1155 0.5425844550715223 0.4392563218837892 0 0 0.5832348704420319
1156 0.42167835059472436 0.5783216494052759 1 1 0.5829683196500621
1157 0.5492424344844726 0.4507575655155277 0 1 0.5827019021001749
1158 0.27708472341198964 0.7229152765880105 1 0 0.5824356177257659
1159 0.3574266655691758 0.5837084039693573 1 0 0.5821694664602642
1160 0.47934219641142317 0.46148140945625493 0 0 0.5819034482371319
1161 0.5165310086449691 0.4417248821430009 0 1 0.5816375629898645
1162 0.8711794718829088 0.12882052811709152 0 0 0.5813718106519905
1163 0.35547339517211624 0.6261490490570183 1 1 0.581106191157072
1164 0.4444608547504106 0.535435769314276 1 1 0.5808407044387041
1165 0.806108517807557 0.193891482192443 0 0 0.5805753504305149
1166 0.2936816844185315 0.7063183155814685 1 1 0.5803101290661662
1167 0.3427294999323098 0.6572705000676903 1 0 0.5800450402793526
1168 0.7551841397754434 0.18405606473031974 0 1 0.5797800840038017
1169 0.8822544447823629 0.10199089169633156 0 0 0.5795152601732745
1170 0.25278895824638276 0.7472110417536173 1 1 0.5792505687215652
1171 0.561877863730895 0.41762679829223415 0 0 0.5789860095825009
1172 0.24790764483929914 0.732006707516015 1 1 0.5787215826899417
1173 0.6494366253093031 0.3105438345571765 0 0 0.5784572879777808
1174 0.5171203465350627 0.4828796534649374 0 0 0.5781931253799448
1175 0.4157331618731557 0.5842668381268442 1 0 0.5779290948303928
1176 0.8724445501234438 0.10686080904692606 0 0 0.5776651962631173
1177 0.9262135708492099 0.07378642915079044 0 0 0.5774014296121437
1178 0.4786668302462111 0.444303753056985 0 0 0.5771377948115302
1179 0.44338593203077353 0.5372054091338675 1 0 0.5768742917953681
1180 0.18749955281246244 0.7943684161107364 1 1 0.5766109204977817
1181 0.6482440514517045 0.3517559485482958 0 0 0.5763476808529281
1182 0.4051993072352966 0.5948006927647033 1 0 0.5760845727949976
1183 0.3216743290658914 0.641692401297097 1 0 0.575821596258213
1184 0.6064141925532291 0.39358580744677085 0 1 0.5755587511768302
1185 0.21812730309967196 0.7818726969003281 1 0 0.5752960374851378
1186 0.5437599048451004 0.45624009515489994 0 0 0.5750334551174577
1187 0.50618831379567 0.49381168620433036 0 0 0.574771004008144
1188 0.8591354684094207 0.1408645315905798 0 0 0.5745086840915841
1189 0.5766475302410735 0.4233524697589268 0 0 0.5742464953021978
1190 0.6423019394161592 0.29722496642970225 0 0 0.5739844375744383
1191 0.6066851476214558 0.393314852378544 0 0 0.5737225108427908
1192 0.24875835394256424 0.7512416460574358 1 1 0.5734607150417738
1193 0.5176870222292692 0.48231297777073096 0 0 0.5731990501059381
1194 0.6697810014436879 0.33021899855631204 0 0 0.5729375159698679
1195 0.930173760044466 0.06982623995553432 0 0 0.5726761125681792
1196 0.6433586903250033 0.3400757881752261 0 1 0.5724148398355215
1197 0.5115626011629031 0.48843739883709747 0 0 0.5721536977065764
1198 0.25841205973620396 0.7415879402637964 1 1 0.5718926861160586
1199 0.7661169318192519 0.2338830681807481 0 0 0.5716318049987148
1200 0.7929036418025164 0.06307093739707341 0 0 0.5713710542893252
1201 0.4115859266161064 0.5496038419033001 1 0 0.5711104339227017
1202 0.543263572280668 0.3767511164513535 0 0 0.5708499438336895
1203 0.7258468152609406 0.27415318473905964 0 0 0.570589583957166
1204 0.5818961831359031 0.41810381686409737 0 0 0.5703293542280411
1205 0.5928495773481415 0.3875761279808458 0 0 0.5700692545812576
1206 0.5953844469391532 0.4046155530608467 0 0 0.5698092849517903
1207 0.701905309726931 0.2980946902730694 0 0 0.569549445274647
1208 0.9101162214017238 0.05011973333558246 0 0 0.5692897354848678
1209 0.7622150243222232 0.23778497567777673 0 1 0.569030155517525
1210 0.5460226376664892 0.4350811882842402 0 0 0.568770705307724
1211 0.5910673599397883 0.3899700783329965 0 1 0.5685113847906019
1212 0.5171442393185411 0.46394732475882944 0 0 0.5682521939013288
1213 0.5998357446286529 0.400164255371347 0 0 0.5679931325751066
1214 0.2973129615238772 0.6833510410915197 1 1 0.5677342007471706
1215 0.38369713610117756 0.5973459924731114 1 0 0.5674753983527873
1216 0.40789283807219573 0.5099120879631129 1 1 0.5672167253272563
1217 0.6619347621535049 0.3380652378464951 0 0 0.5669581816059093
1218 0.4959398334978263 0.5040601665021738 1 0 0.5666997671241104
1219 0.7134771476455107 0.28652285235448927 0 0 0.5664414818172561
1220 0.19773275955859018 0.8022672404414097 1 1 0.5661833256207749
1221 0.8514653989330285 0.1101590426621563 0 1 0.5659252984701276
1222 0.2980544628298938 0.6441735559326922 1 1 0.5656674003008078
1223 0.2191310787733478 0.7607285473368254 1 1 0.5654096310483406
1224 0.30394218026881564 0.6769655695805475 1 0 0.5651519906482841
1225 0.38175444736818703 0.6182455526318134 1 1 0.5648944790362278
1226 0.5466378913536164 0.4358745126128586 0 0 0.5646370961477939
1227 0.1928917252217552 0.8071082747782451 1 1 0.5643798419186368
1228 0.20567133100176083 0.7943286689982391 1 1 0.5641227162844428
1229 0.6046293538405272 0.3953706461594724 0 0 0.5638657191809305
1230 0.8598581720356123 0.1401418279643881 0 0 0.5636088505438508
1231 0.5759479794744189 0.4064497402376498 0 0 0.5633521103089862
1232 0.1699651224927474 0.8300348775072527 1 0 0.5630954984121521
1233 0.6531273605426473 0.3291526868017869 0 0 0.5628390147891952
1234 0.8458421186740308 0.15415788132596928 0 0 0.5625826593759946
1235 0.8432388045897586 0.15676119541024178 0 0 0.5623264321084616
1236 0.6324244966927053 0.29151658916759554 0 0 0.5620703329225392
1237 0.1331373123309618 0.8668626876690385 1 1 0.5618143617542027
1238 0.7969567001313517 0.20304329986864825 0 0 0.5615585185394595
1239 0.7797828407380726 0.20024663697042094 0 0 0.5613028032143483
1240 0.4545099901764062 0.527362996582427 1 0 0.5610472157149408
1241 0.8990241387179599 0.08096057686611426 0 0 0.5607917559773398
1242 0.8357414558569384 0.1642585441430617 0 0 0.5605364239376804
1243 0.5945539244588578 0.40544607554114226 0 1 0.5602812195321297
1244 0.6482259165801144 0.35177408341988553 0 0 0.5600261426968866
1245 0.928503311941686 0.07149668805831393 0 0 0.5597711933681817
1246 0.537872136367075 0.44223136998312124 0 1 0.559516371482278
1247 0.9277543316196735 0.07224566838032695 0 0 0.5592616769754697
1248 0.7406048740923472 0.2593951259076529 0 0 0.5590071097840833
1249 0.40375332080634585 0.5962466791936544 1 1 0.5587526698444769
1250 0.4781223403955328 0.482000046768643 1 1 0.5584983570930407
1251 0.7122736075336291 0.2877263924663707 0 0 0.5582441714661964
1252 0.5310640230225462 0.4689359769774537 0 1 0.5579901129003977
1253 0.5659615561171376 0.43403844388286217 0 0 0.5577361813321298
1254 0.8163124197591936 0.18368758024080653 0 1 0.5574823766979099
1255 0.4515689644588675 0.5484310355411331 1 0 0.5572286989342868
1256 0.6289005360008145 0.35092692821210114 0 0 0.5569751479778411
1257 0.5446261126373624 0.45537388736263734 0 0 0.556721723765185
1258 0.5540367761747763 0.44596322382522374 0 0 0.5564684262329626
1259 0.8814898103585692 0.10013030352387771 0 0 0.5562152553178492
1260 0.6425678508760817 0.3383410107085217 0 0 0.5559622109565523
1261 0.1984807593203191 0.7814770417945278 1 0 0.5557092930858109
1262 0.6374710399391016 0.36252896006089835 0 0 0.5554565016423952
1263 0.7727766120255422 0.2067340416028391 0 0 0.5552038365631078
1264 0.6510581158636305 0.34894188413636945 0 1 0.554951297784782
1265 0.6114755746407228 0.3885244253592778 0 0 0.5546988852442833
1266 0.7871979334556575 0.13279110709908346 0 0 0.5544465988785087
1267 0.9054988285614005 0.09450117143859962 0 0 0.5541944386243862
1268 0.47043964161431234 0.5295603583856874 1 0 0.5539424044188761
1269 0.5633005832990944 0.43669941670090556 0 1 0.5536904961989697
1270 0.46757953187632184 0.5115024330558949 1 1 0.5534387139016901
1271 0.6561754134418848 0.3438245865581155 0 0 0.5531870574640915
1272 0.7819124039509237 0.21808759604907654 0 1 0.5529355268232599
1273 0.7096463768085145 0.29035362319148555 0 1 0.5526841219163126
1274 0.4520796778824546 0.5479203221175455 1 0 0.5524328426803984
1275 0.8709301151632908 0.12906988483670928 0 0 0.5521816890526974
1276 0.5243249870628769 0.4756750129371233 0 1 0.5519306609704214
1277 0.37484572473318034 0.6251542752668198 1 1 0.5516797583708133
1278 0.5230716714756007 0.4769283285243991 0 0 0.5514289811911474
1279 0.763486004817311 0.2365139951826896 0 0 0.5511783293687292
1280 0.3588839855991205 0.6411160144008795 1 0 0.5509278028408962
1281 0.721839428120679 0.27816057187932086 0 0 0.5506774015450164
1282 0.7359216795533196 0.26407832044668067 0 0 0.5504271254184896
1283 0.6493614008306722 0.350638599169328 0 0 0.5501769743987468
1284 0.16519541404717683 0.7366921187347333 1 1 0.5499269484232501
1285 0.34166005431833757 0.6583399456816624 1 0 0.5496770474294932
1286 0.8818171213772774 0.1181828786227224 0 0 0.5494272713550008
1287 0.7912213121895612 0.1889977260705461 0 0 0.5491776201373287
1288 0.6394624658002102 0.36053753419978984 0 1 0.5489280937140644
1289 0.1843324710575339 0.8156675289424663 1 0 0.548678692022826
1290 0.40565631077244696 0.5943436892275531 1 0 0.5484294150012633
1291 0.4328060841501191 0.5465568890549891 1 0 0.5481802625870569
1292 0.7412552166858064 0.11481957605343246 0 0 0.5479312347179186
1293 0.806761002090687 0.19323899790931318 0 0 0.5476823313315918
1294 0.6247156065994249 0.3543618198019468 0 0 0.5474335523658503
1295 0.11854114695657304 0.8814588530434274 1 1 0.5471848977584995
1296 0.5945684790054139 0.4054315209945861 0 0 0.5469363674473757
1297 0.705281835251479 0.2947181647485212 0 0 0.5466879613703465
1298 0.6816478937677175 0.31835210623228255 0 1 0.54643967946531
1299 0.4036357302040186 0.5767446212048107 1 0 0.5461915216701961
1300 0.5767042915819103 0.42329570841808956 0 0 0.5459434879229652
1301 0.6806143031083366 0.3193856968916634 0 0 0.545695578161609
1302 0.4598486346722248 0.5401513653277754 1 0 0.5454477923241496
1303 0.7069747622207359 0.2930252377792641 0 0 0.5452001303486411
1304 0.3955737101081742 0.5860757318366594 1 0 0.5449525921731677
1305 0.6234123131755165 0.37658768682448357 0 0 0.5447051777358449
1306 0.9437022637715559 0.056297736228443966 0 0 0.544457886974819
1307 0.4253297590041858 0.5746702409958139 1 0 0.5442107198282676
1308 0.3395199611057976 0.6432894716966058 1 0 0.5439636762343988
1309 0.14848480419612806 0.8515151958038725 1 1 0.5437167561314514
1310 0.8952209315535984 0.10477906844640165 0 0 0.5434699594576957
1311 0.6934689632369114 0.2873557113951968 0 0 0.5432232861514324
1312 0.5997771166106961 0.40022288338930395 0 0 0.5429767361509934
1313 0.6385095370274033 0.3225978686018826 0 0 0.5427303093947409
1314 0.8037123831510294 0.19628761684897053 0 0 0.5424840058210681
1315 0.6586071542041463 0.32212836250725996 0 0 0.5422378253683995
1316 0.3230089228532239 0.6769910771467755 1 1 0.5419917679751898
1317 0.5147706202581183 0.44578416866814885 0 1 0.5417458335799247
1318 0.8704248345734792 0.11210573498172238 0 0 0.5415000221211206
1319 0.7303902765175776 0.26960972348242257 0 0 0.5412543335373244
1320 0.7409081699600761 0.2590918300399237 0 0 0.5410087677671143
1321 0.5651420297386627 0.43485797026133755 0 0 0.5407633247490986
1322 0.12936301422443394 0.8706369857755661 1 1 0.5405180044219167
1323 0.4173217277805255 0.5826782722194744 1 0 0.5402728067242384
1324 0.8331523873289509 0.16684761267104908 0 0 0.5400277315947644
1325 0.1079477121231317 0.892052287876868 1 1 0.5397827789722258
1326 0.43147253869438557 0.568527461305614 1 0 0.5395379487953846
1327 0.6478970504974739 0.35210294950252646 0 1 0.5392932410030331
1328 0.47775769852500344 0.48319034160945695 1 0 0.5390486555339944
1329 0.9131849705255566 0.08681502947444342 0 0 0.5388041923271221
1330 0.6923485953315045 0.2684763159206055 0 0 0.5385598513213004
1331 0.6256155368415224 0.3352340518997732 0 0 0.5383156324554441
1332 0.5867017925004555 0.41329820749954493 0 0 0.5380715356684984
1333 0.1578299315842376 0.8421700684157627 1 0 0.5378275608994393
1334 0.8270793638510092 0.17292063614899109 0 0 0.5375837080872728
1335 0.6712156362860195 0.32878436371398073 0 0 0.5373399771710361
1336 0.9160760898542548 0.08392391014574511 0 0 0.537096368089796
1337 0.8503330035899507 0.1496669964100494 0 0 0.5368528807826506
1338 0.4911204306980841 0.5088795693019159 1 0 0.5366095151887278
1339 0.455810992319027 0.5441890076809729 1 0 0.5363662712471864
1340 0.7766821663386775 0.22331783366132266 0 0 0.5361231488972154
1341 0.6368247846819693 0.3631752153180306 0 0 0.5358801480780341
1342 0.4502827973474816 0.5308101993298474 1 0 0.5356372687288923
1343 0.16790178209311374 0.8320982179068864 1 1 0.5353945107890703
1344 0.10662200165864275 0.8933779983413578 1 0 0.5351518741978785
1345 0.8295137700725946 0.1704862299274058 0 0 0.5349093588946577
1346 0.23646558583325553 0.7635344141667444 1 1 0.5346669648187792
1347 0.8324318658792296 0.14750749781320172 0 0 0.5344246919096445
1348 0.42110157062009995 0.5788984293799002 1 0 0.5341825401066852
1349 0.5621481282993878 0.43785187170061235 0 1 0.5339405093493635
1350 0.17688009793605464 0.8231199020639451 1 1 0.5336985995771717
1351 0.742928176263638 0.2570718237363622 0 1 0.5334568107296322
1352 0.4550498639834438 0.5449501360165561 1 1 0.533215142746298
1353 0.2027302622805522 0.7805802986102119 1 1 0.532973595566752
1354 0.7320195703433783 0.267980429656622 0 0 0.5327321691306074
1355 0.5333737232486885 0.46662627675131163 0 0 0.5324908633775075
1356 0.4509554774154192 0.5490445225845814 1 1 0.5322496782471261
1357 0.5194399282206165 0.4620409762710474 0 0 0.5320086136791667
1358 0.3808456145146203 0.5838262298753695 1 1 0.5317676696133632
1359 0.8359652018395021 0.1253901580470822 0 0 0.5315268459894796
1360 0.257296862834044 0.6655311803523396 1 1 0.53128614274731
1361 0.43550099481339166 0.5266238144762025 1 1 0.5310455598266788
1362 0.30558493390570696 0.6944150660942933 1 1 0.5308050971674398
1363 0.2988367558384892 0.7011632441615111 1 0 0.5305647547094778
1364 0.34118767828847874 0.6588123217115214 1 0 0.5303245323927069
1365 0.3649940707887148 0.6350059292112856 1 0 0.5300844301570716
1366 0.629892138633268 0.37010786136673235 0 1 0.5298444479425463
1367 0.7119336801159158 0.288066319884084 0 0 0.5296045856891355
1368 0.4648693500966919 0.517624328878919 1 1 0.5293648433368736
1369 0.6095939749122508 0.39040602508774935 0 0 0.529125220825825
1370 0.8652336608094278 0.13476633919057246 0 0 0.5288857180960842
1371 0.5102111400428929 0.4897888599571072 0 0 0.5286463350877755
1372 0.3627804074508372 0.6372195925491627 1 1 0.5284070717410528
1373 0.8526476397229956 0.14735236027700466 0 0 0.5281679279961007
1374 0.690806466272768 0.30919353372723213 0 0 0.5279289037931331
1375 0.33398840706494237 0.6660115929350575 1 1 0.5276899990723939
1376 0.34933783923320455 0.6506621607667955 1 0 0.5274512137741569
1377 0.964187444158143 0.035812555841857205 0 0 0.5272125478387258
1378 0.3165369481194271 0.683463051880573 1 1 0.5269740012064343
1379 0.6435545050193971 0.35644549498060285 0 0 0.5267355738176457
1380 0.5050120813083979 0.49498791869160247 0 0 0.5264972656127527
1381 0.5766015647899446 0.42339843521005555 0 1 0.5262590765321787
1382 0.57254691949408 0.4274530805059197 0 0 0.5260210065163764
1383 0.8460294168210343 0.15397058317896578 0 0 0.5257830555058283
1384 0.5448989174659453 0.45510108253405457 0 0 0.5255452234410463
1385 0.7544248749624513 0.245575125037549 0 0 0.5253075102625727
1386 0.18602347214838633 0.8139765278516138 1 0 0.5250699159109792
1387 0.8723506262705819 0.12764937372941826 0 0 0.5248324403268673
1388 0.9290532812882889 0.07094671871171104 0 0 0.5245950834508677
1389 0.49517896360179026 0.5048210363982099 1 0 0.5243578452236415
1390 0.5071084231531385 0.49289157684686186 0 0 0.5241207255858792
1391 0.6104366268214066 0.38956337317859285 0 0 0.5238837244783007
1392 0.891467922846939 0.10853207715306129 0 0 0.5236468418416557
1393 0.9231305000191515 0.07686949998084802 0 0 0.5234100776167236
1394 0.9615429009181676 0.03845709908183215 0 0 0.5231734317443135
1395 0.40999080782955677 0.5900091921704433 1 1 0.5229369041652638
1396 0.5793182537154964 0.4206817462845038 0 0 0.5227004948204426
1397 0.937405490620894 0.06259450937910616 0 0 0.5224642036507475
1398 0.8634886799328262 0.13651132006717437 0 0 0.5222280305971058
1399 0.4901812737898187 0.49015325936821214 0 0 0.5219919756004743
1400 0.1457246831617243 0.8351048269389848 1 1 0.521756038601839
1401 0.8649779131904713 0.13502208680952874 0 0 0.521520219542216
1402 0.17743757906490004 0.803067400057355 1 1 0.5212845183626501
1403 0.29155597446310033 0.7084440255368993 1 0 0.5210489350042165
1404 0.7536094558642427 0.24639054413575734 0 0 0.5208134694080189
1405 0.40156803963496 0.5984319603650404 1 0 0.5205781215151912
1406 0.40171391073175344 0.5982860892682466 1 0 0.5203428912668963
1407 0.25996968585602037 0.74003031414398 1 0 0.5201077786043267
1408 0.6987503378450947 0.30124966215490545 0 0 0.5198727834687041
1409 0.1609990989776102 0.8390009010223899 1 0 0.5196379058012799
1410 0.11680149537401398 0.8831985046259863 1 1 0.5194031455433346
1411 0.6878503607388162 0.31214963926118416 0 1 0.5191685026361781
1412 0.7687042619648544 0.23129573803514566 0 0 0.5189339770211497
1413 0.5292064274199265 0.4329272406779396 0 0 0.5186995686396181
1414 0.77329237623028 0.2267076237697199 0 0 0.518465277432981
1415 0.8284955070104761 0.17150449298952375 0 0 0.5182311033426656
1416 0.11447869136872955 0.8855213086312707 1 1 0.5179970463101287
1417 0.9074057130111426 0.09259428698885751 0 0 0.5177631062768557
1418 0.9322418218349013 0.06775817816509888 0 0 0.5175292831843616
1419 0.9356752517392618 0.06432474826073806 0 0 0.5172955769741909
1420 0.9421011688322961 0.05789883116770388 0 0 0.5170619875879169
1421 0.8787622452528768 0.12123775474712334 0 0 0.5168285149671421
1422 0.7516068428871797 0.24839315711282045 0 0 0.5165951590534985
1423 0.359056218968553 0.6409437810314471 1 0 0.5163619197886471
1424 0.9323083643838438 0.06769163561615614 0 0 0.5161287971142782
1425 0.7413851823294941 0.25861481767050576 0 0 0.5158957909721108
1426 0.638190760461762 0.3618092395382383 0 1 0.5156629013038937
1427 0.908753175488136 0.09124682451186404 0 0 0.5154301280514043
1428 0.30601138858187626 0.6939886114181241 1 1 0.5151974711564494
1429 0.4535691540924498 0.5464308459075501 1 0 0.5149649305608647
1430 0.8438188602903284 0.15618113970967168 0 0 0.514732506206515
1431 0.764441645654064 0.23555835434593606 0 0 0.5145001980352942
1432 0.15678202955642337 0.8432179704435765 1 1 0.5142680059891255
1433 0.26091841953598816 0.7390815804640118 1 0 0.5140359300099606
1434 0.6380991169893887 0.3619008830106119 0 0 0.5138039700397807
1435 0.6231921972665341 0.37680780273346626 0 0 0.5135721260205957
1436 0.14680515118428272 0.8531948488157175 1 1 0.5133403978944446
1437 0.3398325499535532 0.6601674500464465 1 0 0.5131087856033953
1438 0.8531973155091518 0.1468026844908484 0 0 0.512877289089545
1439 0.13603103733534866 0.8639689626646515 1 1 0.5126459082950193
1440 0.1624498327239391 0.8375501672760611 1 1 0.512414643161973
1441 0.9359498145503803 0.06405018544961985 0 0 0.51218349363259
1442 0.5445351861318504 0.4554648138681493 0 0 0.5119524596490829
1443 0.8906688515988134 0.10933114840118677 0 0 0.511721541153693
1444 0.7408295442148048 0.25917045578519493 0 0 0.5114907380886907
1445 0.3340604816118078 0.665939518388192 1 1 0.5112600503963755
1446 0.487616146113942 0.5123838538860584 1 0 0.5110294780190752
1447 0.9256515947130833 0.0743484052869162 0 0 0.5107990208991467
1448 0.12934508802369282 0.8706549119763071 1 1 0.5105686789789761
1449 0.5804746176021662 0.4195253823978342 0 1 0.5103384522009775
1450 0.35846156885741315 0.641538431142587 1 1 0.5101083405075943
1451 0.7978915712293269 0.18603400074771723 0 0 0.5098783438412987
1452 0.7573244808192467 0.22658220377465588 0 0 0.5096484621445915
1453 0.5208630428993928 0.4791369571006075 0 0 0.5094186953600021
1454 0.5964895974075162 0.4035104025924838 0 1 0.509189043430089
1455 0.38881562206993514 0.6111843779300649 1 0 0.5089595062974391
1456 0.9146657050829755 0.08533429491702442 0 0 0.5087300839046682
1457 0.9233859790914993 0.07661402090850038 0 0 0.5085007761944207
1458 0.9037299250777284 0.09627007492227108 0 0 0.5082715831093696
1459 0.92690939786492 0.07309060213507966 0 0 0.5080425045922167
1460 0.7727583971658454 0.22724160283415448 0 1 0.5078135405856923
1461 0.38825419426168567 0.6117458057383139 1 0 0.5075846910325554
1462 0.5119570303290771 0.46957947576069964 0 1 0.5073559558755938
1463 0.3399806505667834 0.6416182139981954 1 1 0.5071273350576233
1464 0.8613671089912619 0.12066063867461627 0 0 0.5068988285214892
1465 0.7722736195591932 0.20971343101130413 0 1 0.5066704362100644
1466 0.3568748768288216 0.6431251231711785 1 0 0.5064421580662511
1467 0.6721846571868045 0.3278153428131955 0 0 0.5062139940329797
1468 0.5349746049067866 0.46502539509321345 0 0 0.5059859440532092
1469 0.8313873744582082 0.16861262554179246 0 0 0.5057580080699271
1470 0.7765031444675241 0.2234968555324762 0 0 0.5055301860261494
1471 0.7510420078716555 0.24895799212834432 0 0 0.5053024778649206
1472 0.877830307739825 0.12216969226017504 0 0 0.5050748835293135
1473 0.8969077989211072 0.10309220107889308 0 0 0.5048474029624297
1474 0.785156714729212 0.21484328527078753 0 0 0.5046200361073991
1475 0.12502082158545347 0.8584370059520383 1 1 0.5043927829073799
1476 0.8521178836902985 0.14788211630970136 0 0 0.5041656433055587
1477 0.91536471793139 0.08463528206861011 0 0 0.5039386172451507
1478 0.7168879228847113 0.28311207711528924 0 1 0.5037117046693995
1479 0.7806109365779378 0.21938906342206257 0 0 0.5034849055215767
1480 0.7697789510163803 0.2302210489836196 0 0 0.5032582197449826
1481 0.726329528361888 0.27367047163811237 0 0 0.5030316472829459
1482 0.120205157741555 0.8431151642734775 1 0 0.5028051880788235
0.47357392663246684
0.5991797909865242
0.6969350422574077
0.474  0.000
0.599  0.000
0.697  0.000
