0
0 0.0 0.0 0 1 1.0
1 0.0 1.000000000000001 1 0 0.9995251187302109
2 0.0 1.000000000000001 1 0 0.9990504748417063
3 0.667304468071035 0.3326955319289648 0 0 0.9985760682158253
4 0.7107551714702426 0.2892448285297575 0 1 0.9981018987339664
5 0.558334518586533 0.44166548141346695 0 0 0.9976279662775871
6 0.6026801275868977 0.3973198724131024 0 1 0.9971542707282044
7 0.5195088464588876 0.4804911535411124 0 0 0.9966808119673941
8 0.6062958200833147 0.3937041799166854 0 0 0.9962075898767919
9 0.5904326962104417 0.40956730378955825 0 1 0.995734604338092
10 0.36076503137210253 0.6392349686278972 1 1 0.9952618552330482
11 0.0806938647801467 0.919306135219853 1 0 0.9947893424434732
12 0.6861436606955178 0.31385633930448265 0 0 0.9943170658512385
13 0.3527810392636908 0.6472189607363095 1 1 0.9938450253382753
14 0.5460134255258213 0.4539865744741784 0 0 0.9933732207865733
15 0.9938284681017645 0.006171531898235545 0 0 0.9929016520781815
16 0.1935535418133097 0.8064464581866906 1 0 0.9924303190952076
17 0.3706492025349733 0.6293507974650268 1 1 0.9919592217198184
18 0.06257646590304183 0.9374235340969579 1 0 0.9914883598342394
19 0.9724790128422826 0.02752098715771732 0 0 0.9910177333207555
20 0.6310819930956842 0.3689180069043167 0 0 0.9905473420617097
21 0.9850444911443769 0.01495550885562252 0 0 0.9900771859395043
22 0.16531651228181574 0.834683487718184 1 1 0.9896072648366003
23 0.9981529834689296 0.0018470165310709964 0 0 0.9891375786355174
24 0.05129060446304444 0.9487093955369552 1 1 0.988668127218834
25 0.6648177662793734 0.3351822337206276 0 1 0.9881989104691874
26 0.1841456846655859 0.8158543153344132 1 0 0.9877299282692732
27 0.8025634580723202 0.19743654192767898 0 1 0.987261180501846
28 0.3152563929635539 0.6847436070364469 1 0 0.9867926670497188
29 0.4182859482812609 0.5817140517187392 1 0 0.9863243877957633
30 0.10720046946494843 0.8927995305350528 1 1 0.9858563426229096
31 0.23098609212483304 0.7690139078751677 1 0 0.9853885314141463
32 0.9490010714685461 0.05099892853145399 0 0 0.9849209540525209
33 0.9245755981704953 0.07542440182950443 0 0 0.9844536104211388
34 0.18273031738997544 0.8172696826100253 1 0 0.9839865004031642
35 0.5819144361095924 0.41808556389040796 0 0 0.9835196238818196
36 0.24504330084434864 0.7549566991556514 1 0 0.9830529807403857
37 0.7530737377610107 0.24692626223898897 0 0 0.9825865708622019
38 0.3773729217817851 0.622627078218216 1 0 0.9821203941306657
39 0.6248448167091271 0.37515518329087283 0 0 0.9816544504292329
40 0.7065332561060064 0.29346674389399346 0 0 0.9811887396414175
41 0.5721729682149032 0.4278270317850969 0 0 0.9807232616507919
42 0.5771750213888629 0.42282497861113805 0 0 0.9802580163409866
43 0.648393449543807 0.35160655045619293 0 0 0.9797930035956902
44 0.6490687628626302 0.35093123713737007 0 0 0.9793282232986495
45 0.6543623123943365 0.3456376876056641 0 0 0.9788636753336696
46 0.6394279230717312 0.36057207692826854 0 0 0.9783993595846132
47 0.6591586600094554 0.34084133999054445 0 0 0.9779352759354016
48 0.5869735474706915 0.32555397145233483 0 0 0.9774714242700139
49 0.6296863740296772 0.37031362597032347 0 0 0.977007804472487
50 0.6618186602884764 0.3381813397115239 0 1 0.976544416426916
51 0.6244965606303566 0.37550343936964375 0 1 0.976081260017454
52 0.6167497431434358 0.38325025685656505 0 0 0.9756183351283119
53 0.6152643256922271 0.38473567430777283 0 0 0.9751556416437582
54 0.6205922792250984 0.37940772077490176 0 0 0.97469317944812
55 0.6095948057767892 0.39040519422321046 0 1 0.9742309484257813
56 0.6442410217350195 0.3557589782649801 0 0 0.9737689484611846
57 0.6443812630820227 0.35561873691797713 0 0 0.9733071794388298
58 0.6308270899336608 0.36917291006633907 0 1 0.9728456412432746
59 0.5664966851720876 0.43350331482791193 0 0 0.9723843337591346
60 0.5585385709506342 0.4414614290493659 0 1 0.9719232568710827
61 0.6902736104494471 0.3097263895505535 0 0 0.97146241046385
62 0.6831023013672752 0.3168976986327243 0 0 0.9710017944222247
63 0.6295850032831881 0.3704149967168121 0 0 0.9705414086310526
64 0.7070984725602566 0.29290152743974346 0 1 0.9700812529752377
65 0.7013900496707695 0.29860995032923116 0 0 0.9696213273397407
66 0.6414215121356583 0.3585784878643413 0 1 0.9691616316095805
67 0.5277034970181699 0.4722965029818302 0 0 0.9687021656698327
68 0.5523984582239747 0.4476015417760252 0 1 0.9682429294056313
69 0.5874607338100627 0.41253926618993697 0 0 0.967783922702167
70 0.5568034171680892 0.4431965828319111 0 0 0.9673251454446882
71 0.5293607807678977 0.4706392192321021 0 0 0.9668665975185005
72 0.5899995654213896 0.41000043457861035 0 0 0.966408278808967
73 0.5919229306251463 0.4080770693748529 0 0 0.9659501892015078
74 0.5667560699056772 0.43324393009432255 0 0 0.9654923285816008
75 0.5802866873349888 0.4197133126650115 0 1 0.9650346968347807
76 0.6080544914060204 0.3919455085939799 0 0 0.9645772938466396
77 0.5434019923961565 0.45659800760384384 0 0 0.9641201195028267
78 0.5733577260292367 0.42664227397076304 0 0 0.9636631736890484
79 0.6061199058773061 0.39388009412269404 0 0 0.9632064562910683
80 0.6068436162038684 0.3931563837961318 0 0 0.9627499671947071
81 0.6106268486483385 0.38937315135166106 0 0 0.9622937062858423
82 0.551952984240276 0.4480470157597239 0 0 0.9618376734504089
83 0.6003274989610747 0.39967250103892543 0 0 0.9613818685743987
84 0.5959715609213965 0.4040284390786032 0 0 0.9609262915438603
85 0.5925587000147435 0.4074412999852569 0 1 0.9604709422448996
86 0.5778923834821789 0.42210761651782147 0 1 0.9600158205636791
87 0.5672413467806925 0.4327586532193077 0 1 0.9595609263864187
88 0.5532340835721491 0.44676591642785063 0 1 0.9591062595993943
89 0.5167295165299847 0.4832704834700157 0 1 0.9586518200889397
90 0.6021292605230976 0.3978707394769026 0 0 0.9581976077414449
91 0.5194687608460227 0.48053123915397744 0 0 0.9577436224433568
92 0.4786562372078721 0.5213437627921288 1 0 0.957289864081179
93 0.5856873058197692 0.4143126941802308 0 0 0.9568363325414718
94 0.5885421238917239 0.41145787610827605 0 0 0.9563830277108525
95 0.5504220045564521 0.449577995443548 0 1 0.9559299494759951
96 0.4837074953252221 0.516292504674778 1 1 0.9554770977236295
97 0.5319910007146664 0.4680089992853335 0 0 0.9550244723405431
98 0.683740674472659 0.31625932552734154 0 0 0.9545720732135796
99 0.6739098093905584 0.32609019060944194 0 0 0.9541199002296391
100 0.6421283396105614 0.35787166038943835 0 0 0.9536679532756783
101 0.6881495193483713 0.31185048065162785 0 0 0.9532162322387105
102 0.4714851287918948 0.5285148712081056 1 1 0.9527647370058057
103 0.9659835468040848 0.03401645319591561 0 1 0.9523134674640896
104 0.9545891564821126 0.04541084351788714 0 0 0.951862423500745
105 0.6117427542199361 0.3882572457800631 0 0 0.9514116050030111
106 0.7356362557767696 0.2643637442232307 0 0 0.9509610118581833
107 0.9547911413974586 0.04520885860254087 0 0 0.950510643953613
108 0.513962537357637 0.4860374626423627 0 1 0.9500605011767084
109 0.13698144158800546 0.8630185584119945 1 0 0.9496105834149338
110 0.8132665511498643 0.18673344885013599 0 0 0.9491608905558097
111 0.5890546143630887 0.410945385636911 0 0 0.948711422486913
112 0.6241025279077409 0.37589747209225927 0 0 0.9482621790958765
113 0.7805920243558836 0.21940797564411554 0 1 0.9478131602703894
114 0.6859353742470778 0.3140646257529216 0 0 0.9473643658981972
115 0.5939129080990835 0.40608709190091646 0 0 0.9469157958671011
116 0.7332128126587409 0.2667871873412592 0 0 0.9464674500649586
117 0.5671537875188033 0.43284621248119654 0 0 0.9460193283796833
118 0.5190120772689963 0.4809879227310034 0 0 0.9455714306992448
119 0.8270111836586997 0.17298881634130076 0 0 0.9451237569116685
120 0.8175752561797388 0.18242474382026078 0 0 0.9446763069050362
121 0.8288698676734136 0.1711301323265863 0 0 0.9442290805674853
122 0.7775817413093987 0.22241825869060128 0 0 0.9437820777872092
123 0.8311661759787158 0.16883382402128427 0 0 0.9433352984524572
124 0.8302927398093018 0.16970726019069818 0 0 0.9428887424515344
125 0.7645129280227838 0.2354870719772167 0 0 0.942442409672802
126 0.8330857851342519 0.1669142148657478 0 0 0.9419963000046766
127 0.7017961218967348 0.2982038781032652 0 0 0.9415504133356308
128 0.8214676199343792 0.17853238006562058 0 0 0.941104749554193
129 0.8321079565590674 0.16789204344093275 0 0 0.9406593085489473
130 0.5498810074170344 0.4501189925829651 0 0 0.9402140902085333
131 0.8193758526136825 0.18062414738631735 0 1 0.9397690944216465
132 0.33728922530491784 0.662710774695082 1 1 0.9393243210770379
133 0.9594626818719102 0.04053731812808983 0 0 0.9388797700635142
134 0.23060438268894182 0.769395617311058 1 1 0.9384354412699377
135 0.7738626394233074 0.22613736057669256 0 0 0.9379913345852261
136 0.9770880097447154 0.022911990255284228 0 0 0.9375474498983528
137 0.7300164592760064 0.26998354072399344 0 0 0.9371037870983466
138 0.8907134926987752 0.10928650730122433 0 1 0.9366603460742918
139 0.8785788454967917 0.12142115450320813 0 0 0.9362171267153282
140 0.7991630395660346 0.20083696043396546 0 1 0.9357741289106508
141 0.8708045101899475 0.1291954898100525 0 0 0.9353313525495103
142 0.967457832835976 0.032542167164024104 0 0 0.9348887975212126
143 0.95537114094121 0.044628859058790125 0 0 0.9344464637151187
144 0.9654249920108652 0.03457500798913516 0 1 0.9340043510206455
145 0.6073926421386102 0.3926073578613905 0 0 0.9335624593272646
146 0.7072993114766059 0.2927006885233939 0 1 0.9331207885245031
147 0.9642864131571999 0.03571358684280023 0 0 0.9326793385019433
148 0.8539304736211624 0.14606952637883774 0 0 0.9322381091492229
149 0.029811910771522995 0.970188089228477 1 1 0.9317971003560342
150 0.690541045005433 0.30945895499456716 0 0 0.9313563120121252
151 0.9639501811263733 0.03604981887362658 0 0 0.9309157440072989
152 0.9647444373308938 0.03525556266910676 0 0 0.9304753962314132
153 0.9673990375705745 0.03260096242942525 0 0 0.930035268574381
154 0.8092450495562792 0.1907549504437213 0 0 0.9295953609261706
155 0.976089637107912 0.02391036289208805 0 0 0.929155673176805
156 0.3992036720757849 0.6007963279242149 1 0 0.9287162052163623
157 0.9039402695307143 0.09605973046928641 0 1 0.9282769569349755
158 0.951913543328197 0.04808645667180276 0 0 0.9278379282228324
159 0.8005714995805742 0.19942850041942567 0 0 0.9273991189701761
160 0.9659842064678903 0.03401579353210953 0 0 0.926960529067304
161 0.8348006830106386 0.16519931698936136 0 1 0.9265221584045688
162 0.7720529465219813 0.22794705347801889 0 1 0.9260840068723777
163 0.9131222874240749 0.08687771257592528 0 0 0.9256460743611928
164 0.6589059297812271 0.3410940702187729 0 0 0.9252083607615312
165 0.9241066013230813 0.07589339867691881 0 0 0.9247708659639643
166 0.539805219742541 0.46019478025745875 0 1 0.9243335898591184
167 0.6577758744287453 0.34222412557125437 0 1 0.9238965323376747
168 0.8991823898936726 0.10081761010632721 0 0 0.9234596932903685
169 0.9044245589355904 0.09557544106440957 0 0 0.9230230726079901
170 0.7178496679785481 0.28215033202145245 0 1 0.9225866701813845
171 0.8426690158791097 0.15733098412089044 0 0 0.9221504859014509
172 0.851207351802257 0.14879264819774313 0 1 0.9217145196591434
173 0.8657704428243372 0.13422955717566248 0 0 0.9212787713454703
174 0.5003843759665108 0.4996156240334893 0 1 0.9208432408514946
175 0.644124465675367 0.35587553432463226 0 0 0.9204079280683337
176 0.8222018642091905 0.17779813579080922 0 0 0.9199728328871594
177 0.848573925392493 0.15142607460750745 0 0 0.9195379551991977
178 0.5415147418476484 0.4584852581523512 0 0 0.9191032948957294
179 0.08121562050822574 0.9187843794917738 1 1 0.9186688518680893
180 0.8284177409002235 0.17158225909977615 0 0 0.9182346260076668
181 0.8550838087037423 0.14491619129625777 0 1 0.9178006172059052
182 0.6582755262798133 0.34172447372018705 0 0 0.9173668253543025
183 0.104888345502895 0.8951116544971048 1 1 0.9169332503444106
184 0.1506655292237667 0.8493344707762334 1 0 0.9164998920678359
185 0.878456198275799 0.12154380172420076 0 1 0.9160667504162386
186 0.8405969432197002 0.1594030567802993 0 0 0.9156338252813335
187 0.5669584612560652 0.433041538743935 0 1 0.9152011165548892
188 0.586155542990865 0.41384445700913464 0 0 0.9147686241287286
189 0.1328530957884107 0.15568844877342075 1 1 0.9143363478947285
190 0.46154922390618147 0.5384507760938184 1 0 0.9139042877448198
191 0.44566142178268214 0.5543385782173177 1 0 0.9134724435709877
192 0.401170785943184 0.598829214056816 1 0 0.9130408152652709
193 0.24443343373346801 0.7555665662665325 1 0 0.9126094027197623
194 0.4390543116035867 0.5609456883964136 1 1 0.912178205826609
195 0.5198197775009605 0.4801802224990397 0 0 0.9117472244780116
196 0.4954154389917139 0.5045845610082863 1 0 0.9113164585662249
197 0.5564604785205476 0.44353952147945264 0 0 0.9108859079835573
198 0.5785826840303137 0.4214173159696862 0 1 0.9104555726223711
199 0.5719027969285895 0.4280972030714111 0 0 0.9100254523750826
200 0.6378104349674627 0.36218956503253696 0 0 0.9095955471341616
201 0.6734423626104776 0.32655763738952276 0 0 0.9091658567921319
202 0.576647190606525 0.4233528093934748 0 0 0.908736381241571
203 0.3676955682000039 0.6323044317999961 1 0 0.9083071203751096
204 0.8481438538751361 0.1518561461248634 0 0 0.907878074085433
205 0.8448855288811481 0.1551144711188514 0 0 0.9074492422652793
206 0.29162900522230956 0.7083709947776904 1 1 0.9070206248074407
207 0.8621007407884573 0.137899259211543 0 0 0.9065922216047627
208 0.24177301680097302 0.7582269831990266 1 0 0.9061640325501444
209 0.4940493678616107 0.5059506321383893 1 0 0.905736057536539
210 0.43311782319944436 0.5668821768005557 1 1 0.9053082964569523
211 0.13413095599128408 0.8658690440087161 1 0 0.9048807492044442
212 0.18893983556848712 0.8110601644315131 1 1 0.9044534156721279
213 0.8748965121669248 0.12510348783307476 0 0 0.9040262957531698
214 0.259616856902448 0.7403831430975523 1 1 0.9035993893407902
215 0.6009414096453249 0.3990585903546752 0 0 0.9031726963282625
216 0.3223113954770775 0.6776886045229222 1 1 0.9027462166089132
217 0.3532682941502212 0.6467317058497786 1 1 0.9023199500761224
218 0.9144346096483968 0.0855653903516039 0 0 0.9018938966233236
219 0.5353269319222971 0.4646730680777034 0 0 0.9014680561440035
220 0.6352218446553038 0.364778155344696 0 1 0.9010424285317018
221 0.3688725171434592 0.631127482856541 1 0 0.9006170136800117
222 0.651004419072785 0.34899558092721455 0 0 0.9001918114825794
223 0.1037468672447321 0.8962531327552681 1 1 0.8997668218331044
224 0.7600375887949773 0.23996241120502296 0 0 0.8993420446253394
225 0.4596619229523558 0.5403380770476445 1 0 0.8989174797530899
226 0.6427486415234477 0.35725135847655265 0 1 0.8984931271102148
227 0.8412771517551575 0.1587228482448425 0 0 0.8980689865906258
228 0.6885665520674688 0.31143344793253164 0 0 0.8976450580882879
229 0.7699903899742288 0.23000961002577133 0 0 0.897221341497219
230 0.03937931367747396 0.9606206863225262 1 1 0.8967978367114897
231 0.11555551811718644 0.8844444818828135 1 1 0.8963745436252242
232 0.6765600949571665 0.32343990504283365 0 1 0.895951462132599
233 0.5394932082092566 0.460506791790744 0 0 0.8955285921278436
234 0.08066372837661528 0.9193362716233853 1 1 0.8951059335052408
235 0.35325415295933993 0.64674584704066 1 1 0.8946834861591256
236 0.7711885269790989 0.22881147302090088 0 0 0.8942612499838865
237 0.5246435316406893 0.47535646835931084 0 1 0.8938392248739643
238 0.5378854292915957 0.46211457070840456 0 1 0.8934174107238526
239 0.08776403705036485 0.9122359629496349 1 1 0.8929958074280979
240 0.5794577532897812 0.4205422467102188 0 1 0.8925744148812996
241 0.4100388532615016 0.5899611467384988 1 1 0.8921532329781094
242 0.6635689181095994 0.3364310818904007 0 0 0.8917322616132318
243 0.8156335281363378 0.18436647186366242 0 0 0.891311500681424
244 0.11931165626137372 0.8806883437386263 1 1 0.8908909500774957
245 0.8720593006472508 0.12794069935274938 0 1 0.8904706096963094
246 0.24468805110902697 0.7553119488909729 1 1 0.8900504794327798
247 0.5989100359628251 0.40108996403717495 0 0 0.8896305591818745
248 0.44643831961325803 0.5535616803867416 1 1 0.8892108488386133
249 0.12461710483962261 0.8753828951603774 1 1 0.8887913482980688
250 0.8415873359838111 0.15841266401618864 0 0 0.8883720574553657
251 0.864805374696447 0.1351946253035534 0 0 0.8879529762056811
252 0.46966092255565883 0.530339077444341 1 1 0.8875341044442453
253 0.8991102428011466 0.10088975719885362 0 0 0.8871154420663397
254 0.7817686433549894 0.21823135664501084 0 0 0.8866969889672991
255 0.8850931734119902 0.11490682658801042 0 0 0.8862787450425101
256 0.6069057655598941 0.3930942344401059 0 1 0.8858607101874116
257 0.904542401070629 0.09545759892937083 0 0 0.8854428842974952
258 0.8435162329642947 0.15648376703570513 0 0 0.885025267268304
259 0.22679353880122385 0.773206461198776 1 0 0.8846078589954341
260 0.5273825777009844 0.4726174222990159 0 1 0.8841906593745332
261 0.3789791220892565 0.6210208779107437 1 1 0.8837736683013016
262 0.9218892096549508 0.0781107903450497 0 0 0.8833568856714914
263 0.24723234228655008 0.7527676577134496 1 0 0.8829403113809069
264 0.5585591310227875 0.4414408689772125 0 1 0.8825239453254046
265 0.5129881347820202 0.4870118652179803 0 1 0.882107787400893
266 0.2860338505585328 0.7139661494414676 1 0 0.8816918375033326
267 0.8548590896133842 0.1451409103866157 0 0 0.8812760955287358
268 0.8162406265876255 0.18375937341237425 0 0 0.8808605613731673
269 0.9106210840021722 0.08937891599782803 0 0 0.8804452349327435
270 0.6013162815908486 0.3986837184091516 0 0 0.8800301161036327
271 0.09703003787853304 0.9029699621214673 1 1 0.8796152047820552
272 0.47893289497869074 0.5210671050213096 1 0 0.8792005008642834
273 0.4148596210158875 0.5851403789841126 1 0 0.878786004246641
274 0.9630815979466811 0.036918402053318984 0 0 0.8783717148255039
275 0.5566610738573127 0.4433389261426879 0 0 0.8779576324973
276 0.829373637465298 0.1706263625347022 0 0 0.8775437571585084
277 0.055551626638639 0.9444483733613613 1 0 0.8771300887056604
278 0.03975633378551039 0.9602436662144902 1 0 0.8767166270353389
279 0.6853298295917272 0.31467017040827294 0 1 0.8763033720441786
280 0.6665286261257292 0.3334713738742707 0 1 0.8758903236288655
281 0.34764284324534056 0.65235715675466 1 1 0.8754774816861377
282 0.4624019036213097 0.5375980963786909 1 0 0.8750648461127845
283 0.3079782077304783 0.6920217922695217 1 0 0.8746524168056472
284 0.8988607185401298 0.10113928145987068 0 0 0.8742401936616183
285 0.528579531017161 0.4714204689828387 0 1 0.8738281765776422
286 0.6901880468462714 0.3098119531537289 0 0 0.8734163654507144
287 0.6449746054848174 0.35502539451518283 0 0 0.8730047601778824
288 0.8903967066179344 0.10960329338206579 0 0 0.8725933606562447
289 0.38653116817633554 0.6134688318236647 1 1 0.8721821667829516
290 0.4422506208052044 0.5577493791947956 1 0 0.8717711784552042
291 0.693547735547029 0.30645226445297136 0 0 0.8713603955702558
292 0.015096905389979568 0.9849030946100203 1 1 0.8709498180254107
293 0.6696123984748856 0.3303876015251142 0 0 0.8705394457180242
294 0.5417022599254088 0.4582977400745916 0 0 0.8701292785455035
295 0.9880330340320934 0.011966965967906385 0 0 0.8697193164053066
296 0.22023916647686856 0.779760833523132 1 1 0.8693095591949432
297 0.7900690776667828 0.20993092233321722 0 0 0.8689000068119738
298 0.5694253891940365 0.4305746108059636 0 0 0.8684906591540104
299 0.0083552124659149 0.9916447875340859 1 1 0.868081516118716
300 0.9918750741958773 0.008124925804122636 0 0 0.8676725776038049
301 0.6276880997394041 0.372311900260596 0 0 0.8672638435070424
302 0.9907902545989857 0.009209745401013976 0 0 0.8668553137262452
303 0.3808579714063215 0.6191420285936785 1 1 0.8664469881592806
304 0.420806962367635 0.579193037632365 1 1 0.8660388667040673
305 0.3177201783300461 0.6822798216699536 1 1 0.8656309492585749
306 0.6208739852650662 0.3791260147349337 0 0 0.8652232357208242
307 0.5867626428955691 0.4132373571044312 0 0 0.8648157259888866
308 0.9067431227992782 0.09325687720072118 0 1 0.8644084199608846
309 0.014962331661390793 0.9850376683386094 1 0 0.864001317534992
310 0.5300519199830867 0.46994808001691374 0 0 0.8635944186094329
311 0.9160774933799033 0.08392250662009675 0 1 0.8631877230824827
312 0.28179155073697915 0.7182084492630206 1 1 0.8627812308524675
313 0.9661969470482636 0.033803052951736204 0 0 0.8623749418177644
314 0.9841839224542082 0.01581607754579191 0 0 0.8619688558768008
315 0.8989748857303744 0.10102511426962536 0 0 0.8615629729280555
316 0.9076555667902676 0.09234443320973233 0 0 0.8611572928700576
317 0.9788169982909198 0.0211830017090804 0 0 0.8607518156013872
318 0.99188534932849 0.008114650671509764 0 0 0.860346541020675
319 0.9911914445348967 0.00880855546510374 0 0 0.8599414690266022
320 0.6883756389025099 0.3116243610974901 0 1 0.8595365995179007
321 0.8224797221550457 0.1775202778449548 0 1 0.8591319323933535
322 0.5655960734729738 0.43440392652702603 0 1 0.8587274675517935
323 0.5464770474746908 0.453522952525309 0 1 0.8583232048921047
324 0.7990254149970292 0.2009745850029709 0 1 0.8579191443132214
325 0.870411728471695 0.12958827152830477 0 0 0.8575152857141283
326 0.8653793271259324 0.1346206728740683 0 1 0.8571116289938607
327 0.7022225358353946 0.2977774641646054 0 1 0.8567081740515047
328 0.5839688684508841 0.4160311315491159 0 0 0.8563049207861965
329 0.21727937169022332 0.7827206283097771 1 0 0.8559018690971224
330 0.8180292144861105 0.1819707855138899 0 0 0.8554990188835201
331 0.662811832282643 0.337188167717357 0 1 0.8550963700446765
332 0.30932958158532764 0.6906704184146721 1 0 0.8546939224799296
333 0.6503874628681671 0.349612537131833 0 1 0.8542916760886676
334 0.19603674633924692 0.8039632536607529 1 1 0.8538896307703289
335 0.5200421201185014 0.47995787988149885 0 0 0.8534877864244019
336 0.19520814524593175 0.8047918547540683 1 1 0.8530861429504258
337 0.698099509851307 0.30190049014869325 0 1 0.8526847002479896
338 0.6774960448129836 0.3225039551870164 0 0 0.8522834582167327
339 0.7259853533688282 0.27401464663117187 0 0 0.8518824167563444
340 0.7283278029955887 0.2716721970044116 0 0 0.8514815757665646
341 0.7623268491801457 0.2376731508198547 0 0 0.8510809351471827
342 0.8179276193195749 0.18207238068042522 0 0 0.8506804947980389
343 0.6354051990556642 0.3645948009443355 0 0 0.850280254619023
344 0.7581221795794288 0.2418778204205716 0 1 0.8498802145100749
345 0.7745523045466112 0.22544769545338883 0 0 0.8494803743711846
346 0.6874181145299861 0.3125818854700145 0 0 0.849080734102392
347 0.5865548138957287 0.41344518610427106 0 1 0.8486812936037871
348 0.7394924463972503 0.26050755360274974 0 0 0.8482820527755098
349 0.7448735053888133 0.25512649461118686 0 1 0.8478830115177499
350 0.6947811846925946 0.30521881530740536 0 1 0.847484169730747
351 0.7007459436472284 0.2992540563527717 0 1 0.8470855273147906
352 0.5435838563146498 0.45641614368535055 0 1 0.8466870841702203
353 0.28986490060625403 0.710135099393746 1 1 0.8462888401974251
354 0.6208281539906598 0.37917184600934056 0 0 0.8458907952968442
355 0.6557110264824509 0.3442889735175494 0 0 0.8454929493689662
356 0.6216432740838708 0.37835672591612923 0 0 0.8450953023143297
357 0.5665556474460818 0.4334443525539179 0 1 0.8446978540335229
358 0.6446034665200937 0.35539653347990635 0 0 0.8443006044271837
359 0.25068262791507023 0.74931737208493 1 1 0.8439035533959999
360 0.6449113048348758 0.3550886951651243 0 0 0.8435067008407084
361 0.7286380334908998 0.2713619665090997 0 0 0.8431100466620963
362 0.7407169065803652 0.2592830934196352 0 0 0.842713590761
363 0.5516844962919243 0.44831550370807566 0 1 0.8423173330383056
364 0.2413125928349915 0.7586874071650087 1 0 0.8419212733949486
365 0.24647558611266293 0.7535244138873373 1 1 0.841525411731914
366 0.5422748119269711 0.4577251880730287 0 1 0.8411297479502364
367 0.4555984771198191 0.5444015228801804 1 0 0.840734281951
368 0.5994486795123494 0.4005513204876507 0 0 0.8403390136353381
369 0.7021393365045189 0.2978606634954811 0 0 0.8399439429044339
370 0.5676023511972168 0.43239764880278303 0 0 0.8395490696595194
371 0.7544782093023964 0.24552179069760346 0 0 0.8391543938018764
372 0.28011319810164914 0.7198868018983506 1 1 0.838759915232836
373 0.7663801332204981 0.23361986677950186 0 0 0.8383656338537786
374 0.7982953376801668 0.20170466231983308 0 0 0.8379715495661337
375 0.879774887633809 0.12022511236619073 0 0 0.8375776622713803
376 0.340168755173662 0.6598312448263381 1 0 0.8371839718710465
377 0.8190334023463289 0.1809665976536709 0 0 0.8367904782667099
378 0.8191731265633204 0.18082687343667886 0 0 0.836397181359997
379 0.07299841237059669 0.9270015876294031 1 1 0.8360040810525834
380 0.833992745724875 0.16600725427512492 0 1 0.8356111772461942
381 0.7008081751597705 0.29919182484022944 0 0 0.8352184698426034
382 0.8933147605383226 0.10668523946167764 0 0 0.8348259587436342
383 0.8664707980296139 0.13352920197038615 0 0 0.8344336438511587
384 0.9744426571025797 0.02555734289742069 0 0 0.8340415250670983
385 0.9118918526630689 0.088108147336931 0 1 0.8336496022934232
386 0.5175322977583166 0.4824677022416833 0 0 0.8332578754321528
387 0.8828488210753612 0.11715117892463899 0 1 0.8328663443853553
388 0.6938838700554896 0.3061161299445103 0 1 0.832475009055148
389 0.7468682835559818 0.2531317164440179 0 0 0.8320838693436969
390 0.7351950311127533 0.2648049688872467 0 1 0.8316929251532175
391 0.6947726882864951 0.3052273117135056 0 0 0.8313021763859733
392 0.6286058212555183 0.3713941787444823 0 0 0.8309116229442772
393 0.7490883074532377 0.2509116925467624 0 0 0.830521264730491
394 0.789984878848424 0.21001512115157614 0 0 0.8301311016470251
395 0.7819370473023313 0.2180629526976688 0 1 0.8297411335963385
396 0.20320841842544587 0.7967915815745542 1 1 0.8293513604809395
397 0.6152000556090899 0.3847999443909104 0 0 0.8289617822033846
398 0.7610500462839954 0.2389499537160044 0 1 0.8285723986662793
399 0.5348183260941914 0.46518167390580906 0 0 0.8281832097722779
400 0.7404921320135635 0.25950786798643616 0 0 0.8277942154240827
401 0.6745160243671556 0.32548397563284426 0 0 0.8274054155244457
402 0.8082831797274548 0.19171682027254525 0 1 0.8270168099761664
403 0.4901667770169569 0.5098332229830432 1 1 0.8266283986820938
404 0.5915320912599396 0.4084679087400609 0 0 0.8262401815451248
405 0.5080748938985217 0.4919251061014782 0 0 0.8258521584682053
406 0.7418484454640065 0.25815155453599353 0 0 0.8254643293543295
407 0.6628019947671706 0.3371980052328296 0 0 0.8250766941065399
408 0.7494787355557875 0.2505212644442124 0 0 0.824689252627928
409 0.929586722234653 0.07041327776534644 0 0 0.8243020048216333
410 0.6718854260468001 0.32811457395319993 0 0 0.8239149505908439
411 0.043076931063091836 0.9569230689369087 1 1 0.823528089838796
412 0.9540481897777978 0.0459518102222021 0 0 0.8231414224687746
413 0.9846255846826718 0.01537441531732799 0 0 0.822754948384113
414 0.9848188365475481 0.015181163452452238 0 0 0.8223686674881925
415 0.5814604316569889 0.4185395683430111 0 0 0.8219825796844428
416 0.9846882086164661 0.015311791383533885 0 0 0.821596684876342
417 0.9796531171439059 0.020346882856094293 0 0 0.8212109829674166
418 0.9850940561858421 0.014905943814158083 0 0 0.8208254738612408
419 0.9733007080428544 0.026699291957146234 0 0 0.8204401574614376
420 0.7518322335937947 0.24816776640620541 0 0 0.8200550336716778
421 0.7502970118591537 0.24970298814084643 0 1 0.8196701023956803
422 0.7833759975003287 0.21662400249967143 0 0 0.8192853635372125
423 0.7177747602742443 0.28222523972575575 0 1 0.8189008170000895
424 0.7444618711166086 0.25553812888339117 0 0 0.8185164626881748
425 0.8790868133197125 0.12091318668028823 0 0 0.8181323005053798
426 0.9264472878847808 0.07355271211521883 0 0 0.817748330355664
427 0.7773837831578367 0.22261621684216348 0 0 0.8173645521430347
428 0.9366188525697134 0.06338114743028674 0 0 0.8169809657715474
429 0.7545752307294189 0.2454247692705813 0 0 0.8165975711453055
430 0.5409729195392606 0.4590270804607392 0 1 0.8162143681684605
431 0.7866662905151189 0.21333370948488103 0 0 0.8158313567452115
432 0.9200342418727314 0.07996575812726875 0 0 0.8154485367798057
433 0.7345132434977659 0.265486756502234 0 1 0.8150659081765381
434 0.8312819222912279 0.1687180777087725 0 0 0.8146834708397515
435 0.5648652579079023 0.43513474209209796 0 1 0.8143012246738365
436 0.8489227371455457 0.15107726285445436 0 0 0.8139191695832316
437 0.8039183993786562 0.19608160062134383 0 1 0.8135373054724233
438 0.7588798662589633 0.241120133741037 0 0 0.8131556322459452
439 0.958101840612136 0.04189815938786336 0 0 0.8127741498083791
440 0.5840861677856716 0.4159138322143286 0 0 0.8123928580643546
441 0.5600614154749013 0.4399385845250988 0 0 0.8120117569185484
442 0.8564208134914559 0.14357918650854434 0 0 0.8116308462756855
443 0.7272409174574419 0.27275908254255726 0 1 0.8112501260405381
444 0.7081210763270728 0.2918789236729276 0 1 0.8108695961179262
445 0.8901344132556274 0.0919422353906506 0 0 0.8104892564127174
446 0.6010765705773249 0.3810097115128158 0 0 0.8101091068298264
447 0.040550833400240946 0.959449166599759 1 0 0.8097291472742162
448 0.7626213084376188 0.23737869156238084 0 0 0.8093493776508969
449 0.33951604830692556 0.6425957507814059 1 0 0.8089697978649257
450 0.8795038646729619 0.12049613532703843 0 0 0.8085904078214082
451 0.9714088602194679 0.028591139780532186 0 0 0.8082112074254965
452 0.9692462853537772 0.03075371464622264 0 0 0.8078321965823906
453 0.9387856374934829 0.06121436250651742 0 0 0.8074533751973377
454 0.7104928834087286 0.2895071165912721 0 0 0.8070747431756327
455 0.5656832289796233 0.43431677102037647 0 1 0.8066963004226173
456 0.9784528071309413 0.021547192869058967 0 0 0.8063180468436811
457 0.9023013659331823 0.09769863406681774 0 0 0.8059399823442605
458 0.08535116420494332 0.8968227561830581 1 1 0.8055621068298392
459 0.9810508293977881 0.01894917060221244 0 0 0.8051844202059488
460 0.6759101425517695 0.3240898574482303 0 0 0.8048069223781673
461 0.9691717675188455 0.013042028861097458 0 0 0.8044296132521204
462 0.9333463434999771 0.0666536565000232 0 1 0.8040524927334806
463 0.9587645020106473 0.0412354979893531 0 0 0.803675560727968
464 0.9452907302841693 0.054709269715830657 0 0 0.8032988171413495
465 0.6545564976656648 0.34544350233433524 0 0 0.8029222618794393
466 0.9290889967805342 0.07091100321946604 0 0 0.8025458948480984
467 0.9439153506768168 0.05608464932318284 0 0 0.802169715953235
468 0.45308285914875 0.5292349504883674 1 1 0.8017937251008047
469 0.9367470131315613 0.06325298686843897 0 0 0.8014179221968095
470 0.8386592709512893 0.16134072904871097 0 0 0.8010423071472988
471 0.9758277018049492 0.02417229819505046 0 1 0.8006668798583688
472 0.9192653336974942 0.08073466630250575 0 0 0.8002916402361626
473 0.9692367630143262 0.030763236985673986 0 0 0.7999165881868704
474 0.9375601275241285 0.06243987247587149 0 0 0.7995417236167291
475 0.8845565027407838 0.11544349725921647 0 0 0.7991670464320229
476 0.5921501072626046 0.40784989273739564 0 0 0.7987925565390819
477 0.7520298095285202 0.2479701904714799 0 0 0.7984182538442841
478 0.9383691654907297 0.06163083450927031 0 0 0.7980441382540535
479 0.9700968445131241 0.029903155486876068 0 0 0.7976702096748615
480 0.9331350315772331 0.06686496842276707 0 0 0.7972964680132258
481 0.9567915462027508 0.04320845379724961 0 0 0.7969229131757108
482 0.6465217928824337 0.3534782071175662 0 1 0.7965495450689283
483 0.9158416546858101 0.06686548681984782 0 0 0.7961763635995357
484 0.8141920804538945 0.16852370327660265 0 0 0.7958033686742381
485 0.3460717089116558 0.6539282910883444 1 1 0.7954305601997864
486 0.5909839130276798 0.37433889350394256 0 1 0.7950579380829786
487 0.6137835962288445 0.38621640377115596 0 1 0.7946855022306593
488 0.6357185659667955 0.36428143403320473 0 0 0.7943132525497194
489 0.4767859768481682 0.523214023151832 1 1 0.7939411889470965
490 0.5843582884894948 0.3981514747763799 0 1 0.7935693113297747
491 0.5146183418725458 0.4853816581274542 0 0 0.7931976196047847
492 0.5072891245764399 0.49271087542356024 0 0 0.7928261136792034
493 0.9099681986156901 0.09003180138431006 0 0 0.7924547934601545
494 0.614071634610548 0.3859283653894517 0 0 0.7920836588548077
495 0.508886101307549 0.49111389869245103 0 0 0.7917127097703794
496 0.8154243651413562 0.1845756348586434 0 0 0.7913419461141326
497 0.07018548271346137 0.9298145172865387 1 1 0.7909713677933762
498 0.9390008558220254 0.04342193054276389 0 0 0.7906009747154654
499 0.8574983184317788 0.1251156292637307 0 0 0.7902307667878021
500 0.34254560812235435 0.6400779979305103 1 0 0.7898607439178347
501 0.05097168866707669 0.9490283113329238 1 1 0.7894909060130568
502 0.836247072396062 0.16375292760393778 0 0 0.7891212529810094
503 0.8614579429356769 0.13854205706432274 0 1 0.7887517847292792
504 0.952415487826246 0.04758451217375405 0 0 0.7883825011654988
505 0.6685533964656541 0.3314466035343459 0 1 0.7880134021973477
506 0.8918370487675837 0.055428150806068444 0 0 0.7876444877325509
507 0.8012297544450707 0.1811337553987492 0 0 0.7872757576788799
508 0.6146342154614516 0.38536578453854836 0 1 0.7869072119441523
509 0.6567018119255332 0.3256942935331492 0 0 0.7865388504362313
510 0.9534230550188456 0.046576944981154667 0 0 0.7861706730630269
511 0.4861805348079677 0.5138194651920324 1 1 0.7858026797324945
512 0.9618405595215808 0.03815944047841921 0 0 0.7854348703526359
513 0.7787672301659754 0.2033508756831322 0 0 0.7850672448314988
514 0.43036204827834823 0.5696379517216517 1 1 0.7846998030771766
515 0.9586267838825622 0.041373216117438084 0 0 0.784332544997809
516 0.913571436582296 0.08642856341770433 0 0 0.7839654705015816
517 0.6423977054527916 0.3404962282132823 0 1 0.7835985794967256
518 0.8813236269296083 0.11867637307039221 0 0 0.7832318718915182
519 0.19518475862969406 0.7697978899080303 1 1 0.7828653475942827
520 0.04746966580884545 0.9525303341911548 1 1 0.782499006513388
521 0.5162554795006012 0.4837445204993988 0 1 0.7821328485572486
522 0.8510401285609013 0.0596458759092289 0 0 0.7817668736343252
523 0.9420221661250745 0.04036618896642834 0 0 0.7814010816531239
524 0.9289564952054223 0.053142657435736734 0 0 0.7810354725221971
525 0.8539533153039711 0.14604668469602924 0 0 0.780670046150142
526 0.9241854949620496 0.07581450503795042 0 0 0.7803048024456023
527 0.6410227173107329 0.323540622344295 0 0 0.7799397413172671
528 0.6748077363459616 0.3076299622099856 0 0 0.7795748626738708
529 0.797004546898919 0.20299545310108089 0 0 0.7792101664241943
530 0.987797385389897 0.012202614610102852 0 0 0.7788456524770629
531 0.9359171413215323 0.06408285867846768 0 0 0.7784813207413486
532 0.9816425604112807 0.01835743958871941 0 0 0.7781171711259682
533 0.5910384697397842 0.408961530260216 0 0 0.7777532035398844
534 0.48106744962097375 0.5189325503790267 1 1 0.7773894178921053
535 0.5199719649339702 0.4634301437880578 0 0 0.7770258140916845
536 0.9207982033307858 0.07920179666921452 0 0 0.7766623920477208
537 0.21413570872941048 0.7678159293239681 1 0 0.776299151669359
538 0.8883211472476342 0.11167885275236587 0 0 0.775936092865789
539 0.9288572712133683 0.053732578424326556 0 0 0.7755732155462459
540 0.7301113311692634 0.2524871205548802 0 1 0.7752105196200105
541 0.31076278831247434 0.6537333744403822 1 0 0.7748480049964088
542 0.5671571702856646 0.4328428297143351 0 0 0.7744856715848121
543 0.9675958420263373 0.032404157973662674 0 0 0.7741235192946371
544 0.2412876490752935 0.7233490694101414 1 0 0.7737615480353457
545 0.6400704341931709 0.3599295658068291 0 1 0.773399757716445
546 0.7277347727991886 0.2722652272008117 0 0 0.7730381482474876
547 0.5619072472426122 0.4205044645932351 0 0 0.7726767195380709
548 0.642206050520031 0.3577939494799694 0 0 0.772315471497838
549 0.9032099741868563 0.09679002581314367 0 0 0.7719544040364766
550 0.8910868968737045 0.10891310312629497 0 0 0.77159351706372
551 0.7895693869931966 0.21043061300680366 0 1 0.7712328104893466
552 0.07627080612781356 0.9237291938721869 1 0 0.7708722842231793
553 0.9178763947115842 0.0644931697195269 0 0 0.770511938175087
554 0.6347575969909087 0.34761526521157293 0 0 0.7701517722549829
555 0.9249678844035817 0.03995151672677885 0 0 0.7697917863728256
556 0.7850487744698905 0.21495122553010965 0 0 0.7694319804386187
557 0.11457494083533862 0.8502501895789284 1 1 0.7690723543624107
558 0.901563710429831 0.04622324405429916 0 0 0.768712908054295
559 0.8225338509192588 0.17746614908074101 0 0 0.76835364142441
560 0.5115671783137559 0.4884328216862443 0 0 0.7679945543829392
561 0.5737397077383272 0.40888347372580064 0 0 0.7676356468401107
562 0.9426485383869705 0.0573514616130299 0 0 0.7672769187061976
563 0.5548638351305786 0.44513616486942126 0 0 0.7669183698915178
564 0.6317435303674889 0.3682564696325114 0 1 0.7665600003064346
565 0.5761448540911666 0.42385514590883344 0 1 0.7662018098613548
566 0.9394937220421745 0.06050627795782553 0 0 0.7658437984667313
567 0.839836444974805 0.16016355502519541 0 0 0.7654859660330613
568 0.8957949648835916 0.10420503511640894 0 0 0.7651283124708864
569 0.9658658607503815 0.03413413924961834 0 0 0.7647708376907933
570 0.8790632423338539 0.12093675766614598 0 0 0.7644135416034135
571 0.8179024962071703 0.18209750379282988 0 1 0.7640564241194228
572 0.5776993122154619 0.4223006877845384 0 1 0.7636994851495418
573 0.8822113778311514 0.10000382325199202 0 0 0.7633427246045357
574 0.9014539164068646 0.08075736641528856 0 0 0.7629861423952146
575 0.9188126138713929 0.06339920986789917 0 0 0.7626297384324328
576 0.913020459483504 0.08697954051649599 0 0 0.7622735126270892
577 0.9821830921904213 0.01781690780957856 0 0 0.7619174648901277
578 0.5235376363577521 0.47646236364224825 0 1 0.7615615951325359
579 0.8876631161562266 0.09486775601330459 0 0 0.7612059032653468
580 0.9630098342030131 0.019526562680941086 0 0 0.760850389199637
581 0.8687520910905674 0.13124790890943258 0 0 0.7604950528465283
582 0.714249530642186 0.2683022074580291 0 0 0.7601398941171865
583 0.35448808576050805 0.6455119142394922 1 1 0.7597849129228219
584 0.4277436046737999 0.5722563953262003 1 0 0.7594301091746893
585 0.6892369662624726 0.31076303373752734 0 0 0.7590754827840877
586 0.2723364911928482 0.7276635088071522 1 1 0.7587210336623604
587 0.6412274726297984 0.3587725273702016 0 0 0.7583667617208953
588 0.9833608762946915 0.01663912370530836 0 0 0.7580126668711242
589 0.870910566132953 0.12908943386704685 0 0 0.7576587490245236
590 0.6941356723718594 0.3058643276281404 0 0 0.7573050080926139
591 0.883556131949022 0.11644386805097777 0 0 0.75695144398696
592 0.8796038137586618 0.12039618624133842 0 1 0.7565980566191707
593 0.7573988148421503 0.24260118515784984 0 0 0.7562448459008991
594 0.2505214694312001 0.7322236184216371 1 1 0.7558918117438429
595 0.23325989756347953 0.7667401024365208 1 1 0.7555389540597433
596 0.04501963870654086 0.954980361293459 1 0 0.7551862727603856
597 0.7080848982356241 0.29191510176437624 0 0 0.7548337677576
598 0.6729749876014754 0.3270250123985244 0 0 0.75448143896326
599 0.8009939818943161 0.19900601810568408 0 0 0.7541292862892833
600 0.6774395006601619 0.3225604993398378 0 0 0.753777309647632
601 0.4836807213601064 0.5163192786398937 1 1 0.7534255089503117
602 0.11644254657877516 0.8835574534212253 1 0 0.7530738841093723
603 0.903825457157479 0.09617454284252105 0 0 0.7527224350369075
604 0.817362610960537 0.165890512344829 0 1 0.7523711616450554
605 0.47234834639028406 0.5276516536097163 1 1 0.7520200638459971
606 0.26892511181215634 0.6980741448267156 1 1 0.7516691415519585
607 0.6308448317777219 0.3514598725365663 0 1 0.7513183946752089
608 0.8153837091406262 0.1662328238159855 0 0 0.7509678231280615
609 0.5416921322379984 0.42241668984327585 0 1 0.7506174268228738
610 0.8190204864384817 0.1809795135615185 0 0 0.7502672056720464
611 0.8662243600504703 0.13377563994953004 0 0 0.749917159588024
612 0.12528554271093445 0.8747144572890657 1 1 0.7495672884832951
613 0.5444764682546842 0.4555235317453158 0 0 0.7492175922703921
614 0.6633107498602131 0.33668925013978745 0 0 0.7488680708618907
615 0.9226836589685457 0.0600746890964097 0 0 0.7485187241704107
616 0.5289745682642045 0.4542801561401306 0 0 0.7481695521086154
617 0.9057092762080471 0.0942907237919531 0 0 0.7478205545892116
618 0.7108928991266997 0.2891071008733002 0 0 0.7474717315249502
619 0.5802474037074187 0.4197525962925816 0 1 0.7471230828286254
620 0.32619412287828436 0.6400787310935269 1 0 0.7467746084130747
621 0.8109117166099056 0.17223657660548933 0 1 0.7464263081911799
622 0.36273165866605045 0.6204691753107926 1 0 0.7460781820758658
623 0.8492302039001655 0.15076979609983424 0 1 0.7457302299801009
624 0.801660824312311 0.09588526020900819 0 0 0.745382451816897
625 0.8609194592879205 0.12210470332574054 0 0 0.7450348474993097
626 0.2204223784459894 0.7795776215540107 1 0 0.7446874169404379
627 0.6194231411633342 0.3635924289062291 0 0 0.744340160053424
628 0.9140133314081731 0.08598666859182709 0 0 0.7439930767514537
629 0.9076591153498929 0.07523051583871473 0 0 0.7436461669477562
630 0.8929288757203853 0.10707112427961463 0 0 0.743299430555604
631 0.9280618125822582 0.07193818741774181 0 0 0.742952867488313
632 0.8793467336124605 0.12065326638753968 0 0 0.7426064776592426
633 0.8813980788702916 0.10144291872779952 0 0 0.7422602609817952
634 0.9018204318273423 0.08075147227279733 0 0 0.7419142173694167
635 0.46047423413886696 0.5395257658611335 1 0 0.741568346735596
636 0.6840018255967563 0.31599817440324374 0 0 0.7412226489938657
637 0.9594667523769581 0.04053324762304188 0 1 0.7408771240578012
638 0.834431669077604 0.16556833092239634 0 0 0.7405317718410214
639 0.5867045056411081 0.3771904129606435 0 0 0.740186592257188
640 0.41780167683603586 0.5460796914093379 1 0 0.7398415852200064
641 0.8846416041513722 0.11535839584862771 0 0 0.7394967506432246
642 0.8151220930179829 0.18487790698201706 0 0 0.7391520884406341
643 0.6351982657710626 0.36480173422893736 0 0 0.7388075985260694
644 0.8541692033209086 0.14583079667909143 0 0 0.7384632808134077
645 0.42482994845163197 0.5751700515483683 1 1 0.7381191352165699
646 0.9411079903550781 0.04202287131811574 0 0 0.7377751616495195
647 0.12115427257985371 0.8619626992314225 1 1 0.7374313600262631
648 0.9323491707970525 0.05075294837518379 0 0 0.7370877302608503
649 0.8119937231876186 0.1710972786295007 0 1 0.7367442722673737
650 0.8509583780164954 0.14904162198350512 0 0 0.7364009859599686
651 0.6226379073806174 0.3773620926193826 0 0 0.7360578712528136
652 0.6124563518195959 0.3875436481804041 0 0 0.7357149280601301
653 0.8790436871103825 0.08645358013763872 0 0 0.735372156296182
654 0.37504247243202077 0.6072092990056255 1 1 0.7350295558752767
655 0.591935198475991 0.4080648015240088 0 0 0.7346871267117638
656 0.8870249592765291 0.11297504072347093 0 0 0.7343448687200363
657 0.8606397383860196 0.13936026161398005 0 0 0.7340027818145295
658 0.8253898314979992 0.17461016850200153 0 0 0.7336608659097217
659 0.06764268071348689 0.9323573192865136 1 0 0.7333191209201338
660 0.904293639584696 0.09570636041530389 0 0 0.7329775467603299
661 0.8568404046514795 0.1431595953485204 0 1 0.7326361433449161
662 0.7635698130176205 0.23643018698237953 0 0 0.7322949105885418
663 0.9074377609796432 0.09256223902035682 0 0 0.7319538484058986
664 0.31981765103790805 0.6801823489620916 1 1 0.7316129567117211
665 0.36444957836967723 0.635550421630323 1 0 0.7312722354207863
666 0.851908082046767 0.14809191795323282 0 1 0.730931684447914
667 0.8386916730801716 0.1613083269198285 0 0 0.7305913037079662
668 0.894209516304855 0.10579048369514507 0 0 0.7302510931158481
669 0.8817085351925272 0.1182914648074729 0 0 0.7299110525865067
670 0.7120521807357367 0.2879478192642632 0 0 0.7295711820349319
671 0.055509138160996715 0.9444908618390034 1 1 0.7292314813761562
672 0.8429835037332839 0.15701649626671582 0 0 0.7288919505252545
673 0.8859263852134864 0.11407361478651365 0 0 0.7285525893973438
674 0.9472049551968794 0.05279504480312099 0 0 0.728213397907584
675 0.4832075780140469 0.49877949947467837 1 1 0.7278743759711773
676 0.9098899340731866 0.09011006592681335 0 0 0.7275355235033681
677 0.48941648738286775 0.5105835126171322 1 0 0.7271968404194433
678 0.9161511836943248 0.08384881630567553 0 0 0.7268583266347322
679 0.37293849542729796 0.6270615045727022 1 0 0.7265199820646062
680 0.8360294787531561 0.025197627329688353 0 0 0.7261818066244792
681 0.5153479012266138 0.4846520987733861 0 0 0.7258438002298074
682 0.4307137542434278 0.569286245756572 1 0 0.7255059627960893
683 0.9609502853265592 0.039049714673440934 0 0 0.7251682942388652
684 0.8291455987467935 0.17085440125320675 0 0 0.7248307944737185
685 0.5873920444218028 0.4126079555781972 0 0 0.7244934634162736
686 0.10812512371541455 0.8918748762845852 1 1 0.7241563009821983
687 0.7343235085997076 0.24777589734899413 0 0 0.7238193070872015
688 0.946807745473544 0.03530139654860799 0 0 0.7234824816470352
689 0.9527933251478092 0.04720667485219067 0 0 0.7231458245774928
690 0.6009116555022744 0.38123409826139865 0 0 0.72280933579441
691 0.678136555506332 0.321863444493668 0 0 0.7224730152136646
692 0.9639035019992842 0.03609649800071553 0 0 0.7221368627511766
693 0.06989005354563735 0.9301099464543627 1 1 0.7218008783229077
694 0.5662048039886454 0.43379519601135463 0 1 0.721465061844862
695 0.6672151089533908 0.33278489104660947 0 0 0.7211294132330852
696 0.9277068292606433 0.07229317073935641 0 0 0.7207939324036652
697 0.965328935768612 0.03467106423138799 0 0 0.7204586192727317
698 0.5690873041625772 0.43091269583742287 0 0 0.7201234737564566
699 0.5859522290907735 0.4140477709092264 0 0 0.7197884957710535
700 0.9607076809444358 0.0392923190555647 0 0 0.7194536852327778
701 0.8853496454572041 0.11465035454279579 0 0 0.7191190420579268
702 0.625741939099114 0.374258060900886 0 0 0.7187845661628398
703 0.9185582898878177 0.08144171011218278 0 0 0.7184502574638979
704 0.7322762121926342 0.26772378780736583 0 0 0.7181161158775239
705 0.08560833688665967 0.9143916631133401 1 1 0.7177821413201823
706 0.6873696351868466 0.3126303648131535 0 0 0.7174483337083795
707 0.6700627234787876 0.3299372765212128 0 0 0.7171146929586635
708 0.030256806060012548 0.9697431939399879 1 1 0.7167812189876244
709 0.2492303089549602 0.7507696910450401 1 0 0.7164479117118934
710 0.7663947849221867 0.23360521507781315 0 1 0.7161147710481438
711 0.8604333336696841 0.139566666330316 0 0 0.7157817969130904
712 0.8206049480530617 0.17939505194693833 0 0 0.7154489892234898
713 0.7605360691247814 0.2394639308752185 0 1 0.7151163478961399
714 0.953008049099914 0.04699195090008595 0 0 0.7147838728478805
715 0.6388392013686486 0.3611607986313519 0 0 0.7144515639955927
716 0.8663613585869558 0.13363864141304468 0 0 0.7141194212561994
717 0.7490825124202478 0.2509174875797526 0 0 0.7137874445466649
718 0.33244294324301066 0.6675570567569893 1 1 0.7134556337839949
719 0.9399936506097148 0.060006349390285235 0 0 0.7131239888852369
720 0.8239944737876533 0.15846474762813093 0 0 0.7127925097674795
721 0.48539526144112544 0.5146047385588747 1 0 0.7124611963478531
722 0.8123667009899541 0.18763329901004586 0 0 0.7121300485435291
723 0.7631525553423996 0.20185800811953672 0 0 0.7117990662717207
724 0.5406152168495608 0.4593847831504392 0 1 0.7114682494496825
725 0.42777994411102616 0.5380290420187376 1 1 0.7111375979947099
726 0.05657919772256237 0.9434208022774375 1 1 0.7108071118241404
727 0.7191992537289835 0.2808007462710168 0 0 0.7104767908553521
728 0.32535437730244615 0.6053395281412424 1 1 0.7101466350057651
729 0.7503149685026346 0.24968503149736543 0 1 0.7098166441928402
730 0.6662021492033049 0.3337978507966955 0 0 0.70948681833408
731 0.7281126884571112 0.2718873115428889 0 1 0.7091571573470277
732 0.35567359382203284 0.6443264061779672 1 1 0.7088276611492681
733 0.636931537774543 0.32815466673257887 0 0 0.7084983296584272
734 0.06096353342266887 0.9390364665773313 1 1 0.7081691627921721
735 0.9288381302569587 0.0191873057865135 0 0 0.7078401604682113
736 0.6995882323740625 0.26541044777161854 0 0 0.7075113226042938
737 0.7787633969442256 0.20360636388931264 0 0 0.7071826491182106
738 0.3935054507534788 0.5888373462939469 1 1 0.7068541399277931
739 0.9507200533723035 0.04927994662769687 0 0 0.7065257949509139
740 0.9404657943740342 0.041970452584086354 0 0 0.706197614105487
741 0.9504645617912999 0.049535438208700086 0 0 0.7058695973094669
742 0.7083691581809497 0.2740512309789629 0 1 0.7055417444808496
743 0.7427848684528184 0.23966507099662976 0 0 0.7052140555376718
744 0.6829876984126709 0.317012301587329 0 0 0.7048865303980113
745 0.6210841321830328 0.37891586781696696 0 0 0.7045591689799868
746 0.7933012075116584 0.20669879248834183 0 0 0.704231971201758
747 0.8368444062345347 0.1631555937654654 0 1 0.7039049369815255
748 0.06441282994935944 0.9355871700506402 1 1 0.7035780662375305
749 0.9243879438710619 0.07561205612893795 0 0 0.7032513588880555
750 0.8241000031540319 0.175899996845968 0 1 0.7029248148514237
751 0.8805849829222812 0.11941501707771925 0 0 0.7025984340459989
752 0.8555738824990823 0.14442611750091783 0 0 0.702272216390186
753 0.7667594354827255 0.23324056451727498 0 0 0.7019461618024306
754 0.8906695361950008 0.10933046380499949 0 0 0.7016202702012192
755 0.6934639876325744 0.3065360123674255 0 0 0.7012945415050786
756 0.3224222533718482 0.6594192459247938 1 0 0.7009689756325769
757 0.7876044686939389 0.2123955313060614 0 0 0.7006435725023222
758 0.9525984805098053 0.04740151949019481 0 0 0.7003183320329643
759 0.748665638523555 0.2513343614764449 0 0 0.6999932541431928
760 0.8096083375718505 0.1725255640552355 0 1 0.6996683387517381
761 0.8783818911876392 0.12161810881236107 0 0 0.6993435857773715
762 0.9011366874819758 0.09886331251802366 0 0 0.6990189951389048
763 0.18431604295345355 0.78027219283596 1 0 0.6986945667551901
764 0.8811383335784525 0.10070512920174245 0 0 0.6983703005451206
765 0.08286868636354572 0.8815109067110453 1 1 0.6980461964276296
766 0.7151843007784411 0.28481569922155914 0 1 0.697722254321691
767 0.6680806119380788 0.3319193880619212 0 0 0.6973984741463195
768 0.7959537276903738 0.18571949806708526 0 0 0.6970748558205697
769 0.7372751729389361 0.26272482706106415 0 0 0.6967513992635375
770 0.5954131218889162 0.38623486576008426 0 0 0.6964281043943583
771 0.9072094165166084 0.05767978270315627 0 0 0.6961049711322086
772 0.761467888458037 0.22179532766642535 0 0 0.695781999396305
773 0.8665407857517005 0.13345921424829973 0 1 0.6954591891059047
774 0.8662150101699477 0.11704227328483259 0 0 0.6951365401803049
775 0.48388464400384945 0.5161153559961508 1 1 0.6948140525388437
776 0.7420664942695009 0.2407252262482663 0 0 0.6944917261008988
777 0.6896670462864755 0.31033295371352443 0 0 0.6941695607858889
778 0.9176401890351514 0.0823598109648486 0 0 0.6938475565132726
779 0.5048298928513915 0.4780144913718032 0 0 0.6935257132025486
780 0.5343079292439931 0.465692070756007 0 1 0.6932040307732564
781 0.4212898849361012 0.5787101150638987 1 1 0.6928825091449753
782 0.5807285510560467 0.41927144894395346 0 1 0.6925611482373247
783 0.3396895194044582 0.6419519778165533 1 1 0.6922399479699646
784 0.49375611121827945 0.5062438887817209 1 1 0.6919189082625947
785 0.8769155891604663 0.12308441083953364 0 0 0.6915980290349553
786 0.6625818706528626 0.024509267817018086 0 0 0.6912773102068266
787 0.5347388695563892 0.4652611304436114 0 0 0.6909567516980287
788 0.6007856776803204 0.3992143223196794 0 1 0.690636353428422
789 0.9006990464966402 0.09930095350335984 0 0 0.690316115317907
790 0.4485873947248166 0.5514126052751837 1 0 0.6899960372864243
791 0.8634644997369803 0.1190628117092601 0 0 0.6896761192539541
792 0.9161605385881517 0.08383946141184823 0 0 0.6893563611405171
793 0.8408705149380697 0.15912948506192962 0 0 0.6890367628661737
794 0.5950158922137199 0.40498410778628025 0 0 0.6887173243510244
795 0.9571836336375238 0.04281636636247639 0 0 0.6883980455152096
796 0.4974165235782709 0.502583476421729 1 0 0.6880789262789093
797 0.9215814724182209 0.07841852758177896 0 0 0.687759966562344
798 0.7264182229082116 0.2735817770917887 0 1 0.6874411662857736
799 0.57146724047312 0.4285327595268802 0 0 0.6871225253694981
800 0.8913206938678249 0.10867930613217473 0 0 0.6868040437338574
801 0.9387997013442243 0.06120029865577513 0 0 0.6864857212992308
802 0.7371312262027824 0.262868773797218 0 0 0.6861675579860379
803 0.8232128209946132 0.15945726186341047 0 1 0.6858495537147378
804 0.07762147576541968 0.922378524234581 1 1 0.6855317084058294
805 0.44138296834432894 0.5412753392753319 1 0 0.6852140219798515
806 0.6741719590585429 0.3084244497085017 0 0 0.6848964943573823
807 0.703041123398131 0.2612939556060265 0 0 0.6845791254590401
808 0.5185307038640968 0.46341586042470195 0 1 0.6842619152054825
809 0.8520173806506127 0.09501861364477387 0 0 0.683944863517407
810 0.7030543783937948 0.29694562160620547 0 0 0.6836279703155507
811 0.8916050646194014 0.09084206855363451 0 0 0.6833112355206903
812 0.9692979603433255 0.03070203965667422 0 0 0.6829946590536421
813 0.68153810716095 0.31846189283905013 0 1 0.6826782408352619
814 0.3969604125662697 0.6030395874337307 1 1 0.6823619807864452
815 0.6722030868569967 0.06549769491929854 0 0 0.682045878828127
816 0.9300961334614711 0.0699038665385295 0 0 0.6817299348812819
817 0.5238291104258623 0.4761708895741379 0 1 0.6814141488669236
818 0.5942756514878539 0.38755938137539514 0 1 0.6810985207061059
819 0.9004301459821494 0.08022680029992799 0 0 0.6807830503199217
820 0.6911897783224683 0.28946137471574984 0 0 0.6804677376295034
821 0.8884615734715136 0.07564079048812283 0 0 0.6801525825560227
822 0.8340817955204941 0.11062288473970064 0 0 0.679837585020691
823 0.13321090315805525 0.8308125658483003 1 0 0.6795227449447588
824 0.9115997625718084 0.08840023742819147 0 0 0.6792080622495161
825 0.5725602187731379 0.427439781226862 0 0 0.6788935368562923
826 0.43984058451419283 0.5601594154858069 1 1 0.678579168686456
827 0.7567040409916358 0.2432959590083641 0 1 0.678264957661415
828 0.8508049209819035 0.14919507901809664 0 0 0.6779509037026168
829 0.41386374518638236 0.5861362548136174 1 1 0.6776370067315478
830 0.8957411671285683 0.10425883287143126 0 0 0.6773232666697337
831 0.9202815563590527 0.07971844364094734 0 0 0.6770096834387397
832 0.7996631549330742 0.2003368450669262 0 0 0.6766962569601696
833 0.3785543765361358 0.621445623463864 1 0 0.6763829871556671
834 0.515161381499289 0.4848386185007107 0 0 0.6760698739469146
835 0.9485458196863914 0.05145418031360863 0 0 0.675756917255634
836 0.5549923203538967 0.4450076796461039 0 0 0.6754441170035859
837 0.9801149555545183 0.01988504444548183 0 0 0.6751314731125703
838 0.6106381246860196 0.3893618753139803 0 0 0.6748189855044261
839 0.5069463590779247 0.4930536409220752 0 0 0.6745066541010316
840 0.931647437558695 0.06835256244130496 0 0 0.6741944788243039
841 0.4236999402737604 0.5763000597262392 1 1 0.6738824595961992
842 0.4203271132459036 0.5796728867540963 1 0 0.6735705963387126
843 0.5893755341628759 0.41062446583712414 0 0 0.6732588889738784
844 0.9615384099228986 0.038461590077101725 0 0 0.6729473374237697
845 0.8991262414509648 0.10087375854903531 0 0 0.6726359416104986
846 0.70286366385269 0.2971363361473102 0 0 0.6723247014562159
847 0.9775035263837882 0.022496473616211227 0 0 0.6720136168831121
848 0.9651488387548411 0.03485116124515885 0 0 0.6717026878134157
849 0.632319899240784 0.3676801007592161 0 1 0.6713919141693944
850 0.6995148518098876 0.3004851481901125 0 0 0.671081295873355
851 0.6653895320917633 0.31660721947955967 0 1 0.6707708328476427
852 0.4988064084172876 0.5011935915827127 1 1 0.6704605250146418
853 0.25317127254145994 0.7291210914060844 1 1 0.6701503722967755
854 0.6984560750514265 0.301543924948574 0 0 0.6698403746165054
855 0.4048114129492314 0.5778764181271994 1 1 0.6695305318963323
856 0.8656582621021562 0.13434173789784354 0 0 0.6692208440587953
857 0.5147540863008088 0.48524591369919157 0 0 0.6689113110264727
858 0.07879878507959616 0.921201214920404 1 0 0.6686019327219809
859 0.14928101238496047 0.85071898761504 1 1 0.6682927090679757
860 0.9322559892252879 0.05027568667921746 0 0 0.6679836399871507
861 0.8042651337294439 0.19573486627055608 0 0 0.6676747254022392
862 0.6838372059974109 0.3161627940025891 0 0 0.6673659652360121
863 0.9277634882800972 0.05429212460776596 0 0 0.6670573594112795
864 0.8072132055767053 0.19278679442329472 0 0 0.6667489078508901
865 0.9776330680571576 0.02236693194284253 0 0 0.6664406104777307
866 0.7145097092835261 0.2674720869511256 0 0 0.6661324672147273
867 0.816979432025771 0.18302056797422936 0 0 0.6658244779848439
868 0.6257411926880686 0.35631725155634963 0 1 0.665516642711083
869 0.5957096365824133 0.40429036341758656 0 1 0.6652089613164862
870 0.13017904791572402 0.8698209520842761 1 1 0.6649014337241329
871 0.8907551024916517 0.1092448975083486 0 0 0.6645940598571412
872 0.08544057756747941 0.9145594224325209 1 0 0.6642868396386676
873 0.950528056957205 0.049471943042795084 0 0 0.6639797729919072
874 0.48211992822346494 0.517880071776535 1 0 0.6636728598400933
875 0.33132582164114077 0.6686741783588592 1 1 0.6633661001064974
876 0.9571521217889126 0.04284787821108752 0 0 0.6630594937144298
877 0.4626854110710006 0.5373145889289992 1 1 0.6627530405872389
878 0.663067661778798 0.3369323382212021 0 1 0.6624467406483112
879 0.7363191737111471 0.2636808262888536 0 0 0.6621405938210719
880 0.8630954368294428 0.11928041622536309 0 1 0.6618346000289843
881 0.5111492942157282 0.48885070578427153 0 1 0.6615287591955499
882 0.4103350413519804 0.5706587465431839 1 1 0.6612230712443085
883 0.503316803388017 0.49668319661198285 0 0 0.660917536098838
884 0.8924173887940707 0.10758261120592914 0 0 0.6606121536827546
885 0.22813674211922888 0.7718632578807709 1 1 0.660306923919713
886 0.7842206176200979 0.2157793823799021 0 0 0.6600018467334055
887 0.37877232400352645 0.6212276759964737 1 1 0.6596969220475628
888 0.911551019785706 0.08844898021429427 0 0 0.6593921497859538
889 0.81429071981651 0.18570928018349023 0 1 0.6590875298723855
890 0.5290587191962567 0.4709412808037432 0 1 0.6587830622307028
891 0.8542518728762482 0.14574812712375215 0 0 0.6584787467847888
892 0.4675677362448653 0.5324322637551345 1 1 0.6581745834585647
893 0.5080755843393853 0.49192441566061484 0 1 0.6578705721759897
894 0.8506496207008422 0.13228865663542191 0 0 0.6575667128610608
895 0.4984666953628147 0.48445593665931136 0 0 0.6572630054378134
896 0.8812923204956401 0.11870767950436004 0 0 0.6569594498303204
897 0.5070499802278139 0.49295001977218644 0 0 0.6566560459626931
898 0.8563782670873412 0.14362173291265873 0 0 0.6563527937590804
899 0.320233585313978 0.6797664146860221 1 1 0.6560496931436693
900 0.6423144244808379 0.3576855755191624 0 1 0.6557467440406847
901 0.8805088695311514 0.11949113046884866 0 0 0.6554439463743891
902 0.5059601985186134 0.4940398014813871 0 0 0.6551413000690834
903 0.5351847498404264 0.4648152501595737 0 0 0.6548388050491059
904 0.13097744613867285 0.8690225538613271 1 0 0.6545364612388327
905 0.8477201001464398 0.15227989985356022 0 0 0.6542342685626781
906 0.623646703688682 0.37635329631131803 0 0 0.6539322269450936
907 0.4228376077826554 0.5771623922173442 1 0 0.653630336310569
908 0.9233378184180587 0.0766621815819412 0 0 0.6533285965836317
909 0.9459496219423302 0.054050378057669705 0 0 0.6530270076888467
910 0.352913326912896 0.6470866730871045 1 0 0.6527255695508168
911 0.6107460918647186 0.38925390813528127 0 1 0.6524242820941824
912 0.4777766760193085 0.5222233239806914 1 0 0.6521231452436216
913 0.913712033825691 0.06841456556771869 0 0 0.6518221589238503
914 0.6350214213976179 0.34707869117631335 0 0 0.6515213230596218
915 0.9531143608088073 0.046885639191192686 0 0 0.6512206375757272
916 0.4911394144657785 0.5088605855342214 1 0 0.6509201023969953
917 0.9296766838005343 0.0703233161994658 0 0 0.650619717448292
918 0.9583431371289151 0.041656862871085165 0 1 0.6503194826545211
919 0.21378333909800498 0.7862166609019957 1 1 0.6500193979406241
920 0.3612693327522418 0.638730667247758 1 1 0.6497194632315797
921 0.9064397969798863 0.09356020302011378 0 0 0.6494196784524042
922 0.8049487981700468 0.15785354026537401 0 0 0.6491200435281514
923 0.49766924779497773 0.4828520986899453 0 0 0.6488205583839127
924 0.9166034600255011 0.06386045349057475 0 0 0.6485212229448166
925 0.683066207178252 0.2611670226101628 0 1 0.6482220371360295
926 0.636633892544857 0.3633661074551431 0 0 0.6479230008827548
927 0.8761811768574466 0.08553018987108255 0 0 0.6476241141102334
928 0.4783898716564217 0.5216101283435779 1 0 0.6473253767437435
929 0.5848390766099744 0.41516092339002597 0 1 0.647026788708601
930 0.8268203101966641 0.1731796898033352 0 1 0.6467283499301587
931 0.20811657445486323 0.7728594549135741 1 1 0.6464300603338071
932 0.385058800090293 0.5968012177726564 1 1 0.6461319198449736
933 0.24302314951441392 0.756976850485586 1 1 0.6458339283891233
934 0.27190173045257343 0.7093707986215825 1 1 0.6455360858917581
935 0.5821466228233658 0.40099421692562814 0 0 0.6452383922784176
936 0.5496428430015537 0.4334092512866689 0 0 0.6449408474746782
937 0.4409192992207937 0.5590807007792066 1 1 0.6446434514061538
938 0.6531480024897467 0.3468519975102532 0 0 0.6443462039984952
939 0.5505881807076419 0.44941181929235785 0 0 0.6440491051773908
940 0.33774089871319823 0.6622591012868017 1 0 0.6437521548685657
941 0.15069695839950853 0.8493030416004914 1 1 0.6434553529977826
942 0.6005120603710224 0.39948793962897816 0 0 0.6431586994908406
943 0.8540361622724062 0.12908894236943944 0 0 0.6428621942735768
944 0.3409567651061127 0.6590432348938868 1 1 0.6425658372718644
945 0.8761167019708338 0.1071140094679293 0 0 0.6422696284116146
946 0.8598673456985317 0.14013265430146832 0 0 0.641973567618775
947 0.9042726659251493 0.09572733407485108 0 0 0.6416776548193303
948 0.2673486410697503 0.7326513589302499 1 1 0.6413818899393023
949 0.3130334461037552 0.6869665538962447 1 1 0.6410862729047501
950 0.7777628264472156 0.22223717355278513 0 1 0.640790803641769
951 0.3998691631804293 0.6001308368195702 1 0 0.640495482076492
952 0.8680600924387752 0.13193990756122428 0 0 0.6402003081350885
953 0.37921165166134857 0.6207883483386516 1 1 0.6399052817437653
954 0.4024004275653628 0.5975995724346378 1 0 0.6396104028287655
955 0.5854644638553791 0.41453553614462146 0 0 0.6393156713163693
956 0.5337687482061466 0.46623125179385344 0 0 0.6390210871328942
957 0.9193416529031283 0.0806583470968716 0 0 0.638726650204694
958 0.7385633084701878 0.26143669152981214 0 0 0.6384323604581593
959 0.6213600137151666 0.37863998628483353 0 0 0.6381382178197178
960 0.9530193641432204 0.046980635856779834 0 0 0.6378442222158338
961 0.3612228894777166 0.6387771105222834 1 0 0.6375503735730085
962 0.5158519304240813 0.4841480695759185 0 0 0.6372566718177796
963 0.971855107323816 0.009945643626365807 0 0 0.6369631168767217
964 0.9353556237802799 0.0464800018631823 0 0 0.636669708676446
965 0.9169478358833023 0.08305216411669747 0 0 0.6363764471436006
966 0.9355160645690147 0.06448393543098516 0 0 0.63608333220487
967 0.611485127235378 0.38851487276462215 0 0 0.6357903637869756
968 0.6480435176374535 0.35195648236254606 0 1 0.6354975418166752
969 0.6277167729795993 0.37228322702040106 0 0 0.6352048662207632
970 0.6911407550271461 0.3088592449728538 0 1 0.6349123369260709
971 0.4720957729829684 0.5279042270170317 1 0 0.6346199538594659
972 0.9368159579558434 0.06318404204415669 0 0 0.6343277169478523
973 0.37585498794135946 0.624145012058641 1 0 0.634035626118171
974 0.7898149624318769 0.21018503756812346 0 0 0.6337436812973992
975 0.9743721086949756 0.025627891305024544 0 0 0.6334518824125509
976 0.7772808199059363 0.22271918009406438 0 0 0.6331602293906763
977 0.3424527911407688 0.6575472088592316 1 0 0.6328687221588619
978 0.5478537935934691 0.45214620640653164 0 1 0.6325773606442311
979 0.35649944288769664 0.6435005571123037 1 0 0.6322861447739436
980 0.7113187936151129 0.28868120638488737 0 1 0.6319950744751953
981 0.772399109496821 0.22760089050317914 0 0 0.6317041496752187
982 0.8379309525561521 0.1437701510282308 0 0 0.6314133703012824
983 0.11298737589940268 0.850874605667436 1 1 0.6311227362806918
984 0.6400490255579163 0.34157207204188383 0 0 0.6308322475407883
985 0.6539811764061341 0.3460188235938657 0 0 0.6305419040089496
986 0.1285789937922649 0.8530259216352997 1 1 0.63025170561259
987 0.9351410117940979 0.06485898820590266 0 0 0.6299616522791599
988 0.5171903345994985 0.46487923187488994 0 0 0.6296717439361458
989 0.8208440188628221 0.1263008775557378 0 0 0.6293819805110707
990 0.13227932190461664 0.8677206780953836 1 1 0.6290923619314938
991 0.3397306475466409 0.6426022105078362 1 0 0.6288028881250104
992 0.8314796594976142 0.16852034050238612 0 0 0.628513559019252
993 0.8825304704218216 0.11746952957817822 0 0 0.6282243745418864
994 0.6442696402488146 0.35573035975118505 0 1 0.6279353346206175
995 0.521485757215637 0.47851424278436316 0 0 0.6276464391831852
996 0.7958924591714144 0.20410754082858606 0 0 0.6273576881573657
997 0.8081215674716673 0.19187843252833275 0 0 0.6270690814709713
998 0.9319117244486702 0.05119039924678489 0 0 0.6267806190518502
999 0.7075675383009746 0.2924324616990256 0 0 0.6264923008278869
1000 0.9501654256887366 0.03291672107375042 0 0 0.6262041267270018
1001 0.9682618425591051 0.03173815744089502 0 0 0.6259160966771513
1002 0.5702510240813567 0.4297489759186434 0 0 0.6256282106063281
1003 0.9529884272456663 0.047011572754333604 0 0 0.6253404684425605
1004 0.9615761463529898 0.03842385364700985 0 0 0.6250528701139131
1005 0.9478997056161519 0.03522298088130743 0 0 0.624765415548486
1006 0.7098215786273773 0.2901784213726233 0 1 0.624478104674416
1007 0.5139650847689553 0.48603491523104475 0 1 0.6241909374198751
1008 0.562519682970153 0.41922527976568935 0 0 0.6239039137130715
1009 0.2266884697243771 0.755582159568513 1 1 0.6236170334822493
1010 0.5379600421475855 0.4451006361478981 0 0 0.6233302966556885
1011 0.6027919571207682 0.3789556964439701 0 0 0.6230437031617049
1012 0.31849164376902395 0.6815083562309763 1 1 0.62275725292865
1013 0.8756426192034268 0.12435738079657273 0 0 0.6224709458849114
1014 0.476506284119154 0.5234937158808457 1 0 0.6221847819589121
1015 0.7903362611246215 0.19140163643176597 0 0 0.6218987610791114
1016 0.600584952815376 0.3994150471846237 0 0 0.6216128831740039
1017 0.43565265122400465 0.5643473487759953 1 1 0.6213271481721202
1018 0.4385460420312631 0.5614539579687368 1 1 0.6210415560020265
1019 0.9008356833005475 0.09916431669945232 0 0 0.6207561065923247
1020 0.6578815193695682 0.34211848063043204 0 0 0.6204707998716527
1021 0.9582139212849758 0.04178607871502419 0 0 0.6201856357686835
1022 0.9585113393531847 0.04148866064681552 0 0 0.6199006142121263
1023 0.23191811715543784 0.7680818828445619 1 1 0.6196157351307255
1024 0.09962108982084492 0.900378910179155 1 0 0.6193309984532614
1025 0.9363075152783952 0.04490287502079602 0 0 0.6190464041085502
1026 0.8966662473855965 0.04935488228360777 0 0 0.6187619520254427
1027 0.9002394883996245 0.09976051160037532 0 1 0.6184776421328263
1028 0.7987062179830212 0.20129378201697914 0 0 0.6181934743596232
1029 0.6029155432864619 0.39708445671353815 0 0 0.617909448634792
1030 0.6821282586298533 0.31787174137014684 0 0 0.6176255648873256
1031 0.928457233787414 0.0715427662125864 0 0 0.6173418230462535
1032 0.6858181847180432 0.3141818152819567 0 0 0.6170582230406401
1033 0.6524657704353901 0.3475342295646103 0 0 0.6167747647995855
1034 0.40613347159347235 0.593866528406528 1 1 0.6164914482522249
1035 0.9519076493595752 0.04809235064042482 0 0 0.6162082733277294
1036 0.8156034376508468 0.1843965623491531 0 0 0.6159252399553051
1037 0.9112811346557194 0.08871886534428108 0 1 0.6156423480641939
1038 0.3562525912322518 0.6437474087677482 1 0 0.6153595975836726
1039 0.8229739833861895 0.17702601661381034 0 0 0.6150769884430536
1040 0.4920373512991977 0.5079626487008024 1 0 0.6147945205716847
1041 0.8534969680196375 0.14650303198036288 0 0 0.6145121938989488
1042 0.7629448995960117 0.23705510040398797 0 0 0.6142300083542643
1043 0.2961803703991498 0.7038196296008499 1 1 0.613947963867085
1044 0.5734737972298294 0.4265262027701706 0 0 0.6136660603668994
1045 0.6332840378522128 0.3667159621477869 0 0 0.613384297783232
1046 0.5435667300852748 0.4564332699147252 0 1 0.6131026760456418
1047 0.569883735898674 0.4301162641013262 0 0 0.6128211950837238
1048 0.4702926928502249 0.5297073071497753 1 1 0.6125398548271073
1049 0.4626355641041596 0.5373644358958406 1 1 0.6122586552054574
1050 0.6468118152959977 0.3531881847040023 0 0 0.6119775961484744
1051 0.655583247705251 0.344416752294749 0 0 0.6116966775858933
1052 0.7008247083724954 0.2991752916275045 0 0 0.6114158994474844
1053 0.5688916024262098 0.4311083975737902 0 0 0.6111352616630534
1054 0.12056768561026741 0.8794323143897325 1 1 0.6108547641624407
1055 0.9474470664583636 0.05255293354163655 0 1 0.610574406875522
1056 0.3801593843528288 0.6198406156471714 1 1 0.6102941897322078
1057 0.5893679718838613 0.07432827516549448 0 0 0.6100141126624443
1058 0.6516694589359957 0.34833054106400446 0 0 0.6097341755962116
1059 0.9095834405635507 0.09041655943644974 0 0 0.6094543784635258
1060 0.5211024333382593 0.4788975666617403 0 0 0.6091747211944375
1061 0.6198179145278682 0.38018208547213217 0 0 0.6088952037190324
1062 0.09391631014101107 0.8681231739769661 1 1 0.6086158259674311
1063 0.8329647977646419 0.16703520223535812 0 0 0.6083365878697893
1064 0.8530795109231106 0.14692048907688993 0 1 0.6080574893562972
1065 0.27606799389384923 0.7239320061061509 1 0 0.6077785303571807
1066 0.8628585037023556 0.13714149629764397 0 1 0.6074997108026994
1067 0.6191333195225565 0.38086668047744376 0 0 0.6072210306231488
1068 0.1392089945636613 0.8607910054363386 1 1 0.6069424897488587
1069 0.596910701459398 0.40308929854060216 0 0 0.606664088110194
1070 0.6493257280458273 0.3506742719541725 0 0 0.606385825637554
1071 0.6934091536794751 0.3065908463205245 0 0 0.6061077022613736
1072 0.8990427242195065 0.10095727578049372 0 0 0.6058297179121216
1073 0.5991133938723087 0.40088660612769184 0 0 0.605551872520302
1074 0.8578009676477352 0.14219903235226486 0 0 0.6052741660164532
1075 0.5492559113959073 0.45074408860409254 0 0 0.604996598331149
1076 0.6924564315046196 0.30754356849538034 0 1 0.6047191693949973
1077 0.7089844028458746 0.29101559715412517 0 0 0.6044418791386408
1078 0.7100575234024132 0.289942476597587 0 0 0.6041647274927568
1079 0.724524202369546 0.2754757976304545 0 0 0.6038877143880578
1080 0.8532673978487884 0.006290733323256031 0 0 0.6036108397552902
1081 0.8859536591690966 0.11404634083090331 0 0 0.6033341035252354
1082 0.6564438161696073 0.3435561838303926 0 1 0.6030575056287094
1083 0.5824529364619747 0.4175470635380253 0 0 0.6027810459965627
1084 0.8721722295854507 0.10979039401113175 0 0 0.6025047245596803
1085 0.8502412647236036 0.13171410441409162 0 0 0.602228541248982
1086 0.6489900134199136 0.1721114956009688 0 0 0.6019524959954218
1087 0.8580606763293138 0.14193932367068596 0 0 0.6016765887299884
1088 0.7194369677496205 0.2805630322503796 0 0 0.6014008193837053
1089 0.7383714991541211 0.26162850084587896 0 0 0.6011251878876297
1090 0.5999731133632761 0.4000268866367242 0 0 0.600849694172854
1091 0.616347829145033 0.3660104653498566 0 0 0.6005743381705049
1092 0.9263495321357778 0.05600534241615422 0 0 0.600299119811743
1093 0.9456900983679309 0.05430990163206963 0 0 0.6000240390277639
1094 0.7328592499714512 0.267140750028549 0 0 0.5997490957497975
1095 0.5004896269002679 0.4995103730997319 0 1 0.5994742899091079
1096 0.5614715887686178 0.4385284112313819 0 0 0.5991996214369936
1097 0.5995900593672007 0.4004099406327995 0 0 0.5989250902647877
1098 0.9540820892243145 0.045917910775685654 0 0 0.598650696323857
1099 0.306334438657889 0.6759148679530591 1 0 0.5983764395456033
1100 0.8983433021840845 0.10165669781591552 0 0 0.5981023198614623
1101 0.8344556308699835 0.14698334625205856 0 0 0.5978283372029043
1102 0.8044753210452695 0.19552467895473086 0 0 0.5975544915014334
1103 0.6310304962463155 0.36896950375368465 0 0 0.5972807826885881
1104 0.9440866465920728 0.05591335340792722 0 0 0.5970072106959413
1105 0.9327606597831611 0.0672393402168388 0 0 0.5967337754551001
1106 0.885117778021573 0.09739672064213668 0 0 0.5964604768977056
1107 0.656842788173168 0.34315721182683234 0 0 0.5961873149554333
1108 0.8252450813813632 0.17475491861863648 0 0 0.5959142895599925
1109 0.6775434968961742 0.32245650310382606 0 0 0.5956414006431268
1110 0.9683494617706352 0.031650538229364776 0 0 0.5953686481366142
1111 0.9436948485923421 0.056305151407657766 0 0 0.5950960319722666
1112 0.5831818148351215 0.41681818516487823 0 1 0.5948235520819296
1113 0.9463353049075538 0.05366469509244588 0 0 0.5945512083974837
1114 0.7750579557921924 0.22494204420780714 0 0 0.5942790008508425
1115 0.14524670008207835 0.8182155741150742 1 0 0.5940069293739545
1116 0.7280510902148462 0.2719489097851541 0 0 0.5937349938988016
1117 0.4037625438070208 0.5786768845947644 1 1 0.5934631943574
1118 0.23550751742710763 0.7274376222966301 1 1 0.5931915306817999
1119 0.4483228780041514 0.5516771219958487 1 1 0.5929200028040853
1120 0.49065716795995035 0.5093428320400498 1 0 0.5926486106563742
1121 0.7438290322741007 0.23828809041377824 0 1 0.5923773541708186
1122 0.8300063503222125 0.15211860446556733 0 0 0.5921062332796042
1123 0.9027442642906957 0.09725573570930428 0 0 0.5918352479149512
1124 0.48853204231537894 0.511467957684621 1 0 0.5915643980091128
1125 0.9342282472857293 0.06577175271427059 0 0 0.5912936834943768
1126 0.6326155749668196 0.36738442503318025 0 0 0.5910231043030645
1127 0.47454081980106566 0.5254591801989346 1 1 0.5907526603675312
1128 0.908649273893635 0.09135072610636481 0 0 0.5904823516201657
1129 0.5252309302841848 0.45716981682564156 0 0 0.5902121779933909
1130 0.8370126718856984 0.1629873281143016 0 1 0.5899421394196634
1131 0.7431553387383998 0.09466063859953779 0 1 0.5896722358314737
1132 0.5384230382410314 0.4437676646188695 0 1 0.5894024671613456
1133 0.7981449174633115 0.20185508253668832 0 0 0.5891328333418372
1134 0.634748538839378 0.18955041848943743 0 0 0.5888633343055399
1135 0.9130052573663296 0.08699474263367042 0 0 0.588593969985079
1136 0.731227571769053 0.26877242823094694 0 0 0.5883247403131134
1137 0.3546309146353466 0.6453690853646534 1 0 0.5880556452223358
1138 0.9157365390485483 0.08426346095145147 0 0 0.587786684645472
1139 0.37222686566209545 0.5721843715073883 1 1 0.5875178585152825
1140 0.7921614003047265 0.18979144372645088 0 0 0.5872491667645603
1141 0.8390025280710187 0.1429496223426209 0 0 0.5869806093261325
1142 0.8566324166293704 0.14336758337062974 0 1 0.5867121861328599
1143 0.6590481515254244 0.3409518484745759 0 0 0.5864438971176367
1144 0.8053317575539534 0.1946682424460464 0 0 0.5861757422133904
1145 0.7853579995075199 0.2146420004924801 0 0 0.5859077213530826
1146 0.6286908310010486 0.37130916899895167 0 0 0.5856398344697079
1147 0.9244318878028358 0.07556811219716407 0 0 0.5853720814962946
1148 0.9033300889576205 0.09666991104237967 0 0 0.5851044623659044
1149 0.9200521158404761 0.0799478841595241 0 0 0.5848369770116327
1150 0.91842922801955 0.08157077198044996 0 0 0.584569625366608
1151 0.6474833929443082 0.35251660705569116 0 0 0.5843024073639923
1152 0.9277122144423543 0.072287785557646 0 0 0.5840353229369813
1153 0.9310374786140164 0.06896252138598366 0 0 0.5837683720188038
1154 0.15324514644721776 0.8467548535527821 1 1 0.5835015545427222
1155 0.7644715115147551 0.2355284884852449 0 0 0.5832348704420319
1156 0.9314098841750673 0.06859011582493264 0 0 0.5829683196500621
1157 0.9367395655906294 0.0632604344093706 0 0 0.5827019021001749
1158 0.5807623978479642 0.40108526533821204 0 0 0.5824356177257659
1159 0.737829640964879 0.24462616512896912 0 0 0.5821694664602642
1160 0.777993818665661 0.20431014938441167 0 0 0.5819034482371319
1161 0.6127268171921156 0.387273182807884 0 0 0.5816375629898645
1162 0.8210791310668692 0.14363613517392737 0 0 0.5813718106519905
1163 0.5406549145437443 0.45934508545625596 0 1 0.581106191157072
1164 0.9391113170573028 0.06088868294269681 0 0 0.5808407044387041
1165 0.6322287664808944 0.3677712335191057 0 0 0.5805753504305149
1166 0.8621512083774757 0.1378487916225247 0 0 0.5803101290661662
1167 0.9087658590310548 0.09123414096894521 0 0 0.5800450402793526
1168 0.7910137977308177 0.20898620226918196 0 1 0.5797800840038017
1169 0.7040757268578077 0.2777307288390006 0 0 0.5795152601732745
1170 0.9026073887865064 0.09739261121349368 0 1 0.5792505687215652
1171 0.6593595596092893 0.34064044039071056 0 0 0.5789860095825009
1172 0.7113783005754161 0.28862169942458404 0 0 0.5787215826899417
1173 0.3980842159771932 0.5836277473120574 1 1 0.5784572879777808
1174 0.7566872902669199 0.24331270973307992 0 1 0.5781931253799448
1175 0.38780004248774963 0.6121999575122505 1 1 0.5779290948303928
1176 0.8409389758004128 0.14304247709394388 0 0 0.5776651962631173
1177 0.5081700233464573 0.4757837892466836 0 1 0.5774014296121437
1178 0.19435766090084283 0.8056423390991574 1 1 0.5771377948115302
1179 0.40045314560170514 0.5995468543982948 1 1 0.5768742917953681
1180 0.869243748863617 0.13075625113638292 0 0 0.5766109204977817
1181 0.635599699659041 0.3475241629006105 0 1 0.5763476808529281
1182 0.3813128430141438 0.6018482604264239 1 0 0.5760845727949976
1183 0.6468633235034609 0.3531366764965391 0 0 0.575821596258213
1184 0.8395613661851935 0.1604386338148065 0 0 0.5755587511768302
1185 0.31939747300907795 0.6806025269909219 1 0 0.5752960374851378
0.5112006964110536
0.6303058697364358
0.6619579697806935
0.511  0.000
0.630  0.000
0.662  0.000
