0
0 0.0 0.0 0 0 1.0
1 1.000000000000001 0.0 0 0 0.9995251187302109
2 1.000000000000001 0.0 0 0 0.9990504748417063
3 1.000000000000001 0.0 0 0 0.9985760682158253
4 1.000000000000001 0.0 0 0 0.9981018987339664
5 1.000000000000001 0.0 0 0 0.9976279662775871
6 1.000000000000001 0.0 0 1 0.9971542707282044
7 1.000000000000001 0.0 0 0 0.9966808119673941
8 1.000000000000001 0.0 0 0 0.9962075898767919
9 1.000000000000001 0.0 0 1 0.995734604338092
10 0.5639958261244608 0.4360041738755393 0 0 0.9952618552330482
11 0.5857287352092208 0.4142712647907793 0 0 0.9947893424434732
12 0.6043253457412233 0.39567465425877685 0 0 0.9943170658512385
13 0.6205319817691202 0.37946801823088 0 0 0.9938450253382753
14 0.758990254773681 0.24100974522631954 0 0 0.9933732207865733
15 0.8553519600006569 0.14464803999934384 0 0 0.9929016520781815
16 0.8982117970807193 0.10178820291928155 0 0 0.9924303190952076
17 0.9307854516958705 0.06921454830413055 0 0 0.9919592217198184
18 0.9417152903917635 0.05828470960823748 0 0 0.9914883598342394
19 0.9534691175578639 0.04653088244213714 0 0 0.9910177333207555
20 0.9641632623832107 0.035836737616790335 0 0 0.9905473420617097
21 0.96207886312046 0.03792113687954008 0 1 0.9900771859395043
22 0.5568656943779644 0.44313430562203454 0 1 0.9896072648366003
23 0.33724277072323944 0.6627572292767604 1 0 0.9891375786355174
24 0.35103964296886286 0.648960357031137 1 0 0.988668127218834
25 0.3341092138154918 0.6658907861845084 1 1 0.9881989104691874
26 0.37296782090729713 0.6270321790927017 1 1 0.9877299282692732
27 0.591711035877279 0.4082889641227214 0 1 0.987261180501846
28 0.3194633091949144 0.6805366908050866 1 1 0.9867926670497188
29 0.3058412432273248 0.6941587567726754 1 0 0.9863243877957633
30 0.3195256064684273 0.6804743935315726 1 0 0.9858563426229096
31 0.33240971097133387 0.6675902890286665 1 0 0.9853885314141463
32 0.3445771807084527 0.6554228192915468 1 0 0.9849209540525209
33 0.2711586066897623 0.7288413933102375 1 1 0.9844536104211388
34 0.4995041952395384 0.5004958047604621 1 0 0.9839865004031642
35 0.29307268915393375 0.706927310846067 1 0 0.9835196238818196
36 0.61298242832906 0.38701757167094003 0 0 0.9830529807403857
37 0.4210751660861963 0.578924833913804 1 1 0.9825865708622019
38 0.41724611839230147 0.5827538816076989 1 1 0.9821203941306657
39 0.3456372079078309 0.6543627920921692 1 1 0.9816544504292329
40 0.33493425622430845 0.6650657437756917 1 0 0.9811887396414175
41 0.38967797430943435 0.6103220256905662 1 0 0.9807232616507919
42 0.3073817919470222 0.6926182080529779 1 1 0.9802580163409866
43 0.39191192922790113 0.6080880707720993 1 0 0.9797930035956902
44 0.3123956942145126 0.6876043057854874 1 1 0.9793282232986495
45 0.3246517652635524 0.6753482347364482 1 0 0.9788636753336696
46 0.526650439910461 0.47334956008953893 0 0 0.9783993595846132
47 0.19281663055337842 0.8071833694466213 1 1 0.9779352759354016
48 0.1711308739506595 0.828869126049341 1 1 0.9774714242700139
49 0.22882578970052503 0.771174210299475 1 0 0.977007804472487
50 0.5639864030507236 0.43601359694927727 0 0 0.976544416426916
51 0.6050233429870748 0.39497665701292534 0 0 0.976081260017454
52 0.19143766410248 0.8085623358975205 1 1 0.9756183351283119
53 0.8016950653032388 0.19830493469676172 0 0 0.9751556416437582
54 0.25873994552474017 0.7412600544752597 1 1 0.97469317944812
55 0.17765710258558665 0.8223428974144134 1 0 0.9742309484257813
56 0.3360916186952307 0.6639083813047698 1 0 0.9737689484611846
57 0.608927472943288 0.3910725270567117 0 0 0.9733071794388298
58 0.8351259473231148 0.16487405267688535 0 1 0.9728456412432746
59 0.5717116625005509 0.42828833749944956 0 0 0.9723843337591346
60 0.22475392488006377 0.7752460751199366 1 0 0.9719232568710827
61 0.5067074931846173 0.4932925068153832 0 0 0.97146241046385
62 0.33479279663269895 0.6652072033673005 1 0 0.9710017944222247
63 0.804467485691728 0.19553251430827193 0 0 0.9705414086310526
64 0.7480152841605113 0.2519847158394889 0 0 0.9700812529752377
65 0.8042957941093272 0.19570420589067392 0 0 0.9696213273397407
66 0.8982620641202619 0.1017379358797385 0 0 0.9691616316095805
67 0.44727168772942266 0.5527283122705771 1 0 0.9687021656698327
68 0.27428153911665065 0.725718460883349 1 0 0.9682429294056313
69 0.9069613111640421 0.09303868883595721 0 0 0.967783922702167
70 0.8342819473981556 0.16571805260184472 0 0 0.9673251454446882
71 0.2546104537768987 0.7453895462231008 1 0 0.9668665975185005
72 0.5124867502777006 0.48751324972229954 0 0 0.966408278808967
73 0.26708561454633395 0.7329143854536664 1 0 0.9659501892015078
74 0.2342075616071647 0.7657924383928357 1 0 0.9654923285816008
75 0.5686275240920948 0.4313724759079051 0 0 0.9650346968347807
76 0.9434334175569323 0.05656658244306735 0 0 0.9645772938466396
77 0.04595035246445538 0.05484328995212386 1 0 0.9641201195028267
78 0.945277331079013 0.054722668920986636 0 1 0.9636631736890484
79 0.6666916502957064 0.33330834970429396 0 0 0.9632064562910683
80 0.03903117727057461 0.9609688227294259 1 1 0.9627499671947071
81 0.36002745933198715 0.6399725406680132 1 0 0.9622937062858423
82 0.55099085134797 0.4490091486520301 0 0 0.9618376734504089
83 0.9530282676400834 0.0469717323599164 0 0 0.9613818685743987
84 0.7770198952539495 0.22298010474605112 0 1 0.9609262915438603
85 0.8985884920431406 0.10141150795685994 0 0 0.9604709422448996
86 0.7935973212053731 0.20640267879462681 0 0 0.9600158205636791
87 0.7808331147877439 0.21916688521225602 0 1 0.9595609263864187
88 0.7312957878379959 0.2687042121620037 0 1 0.9591062595993943
89 0.7957465690640838 0.20425343093591594 0 0 0.9586518200889397
90 0.2533179542339481 0.7466820457660516 1 1 0.9581976077414449
91 0.8379567420970215 0.16204325790297802 0 0 0.9577436224433568
92 0.8610621667775984 0.13893783322240122 0 0 0.957289864081179
93 0.7346640417277922 0.2653359582722084 0 0 0.9568363325414718
94 0.0717231693761115 0.08748375420498307 1 1 0.9563830277108525
95 0.6205272292567556 0.3794727707432442 0 0 0.9559299494759951
96 0.3278435096751479 0.6721564903248517 1 0 0.9554770977236295
97 0.7811944701649763 0.21880552983502394 0 0 0.9550244723405431
98 0.8628928151816836 0.1371071848183161 0 0 0.9545720732135796
99 0.5926529116117624 0.40734708838823797 0 0 0.9541199002296391
100 0.21838160393629766 0.7816183960637022 1 0 0.9536679532756783
101 0.6093605925395404 0.3906394074604595 0 0 0.9532162322387105
102 0.7110934936941715 0.28890650630582787 0 0 0.9527647370058057
103 0.6713896160982533 0.32861038390174657 0 0 0.9523134674640896
104 0.3515521727069872 0.648447827293013 1 0 0.951862423500745
105 0.18895805143198782 0.8110419485680121 1 1 0.9514116050030111
106 0.9100015848775522 0.08999841512244816 0 0 0.9509610118581833
107 0.7203648151188831 0.27963518488111727 0 0 0.950510643953613
108 0.9408772547401844 0.05912274525981561 0 0 0.9500605011767084
109 0.9747088497044578 0.02529115029554179 0 0 0.9496105834149338
110 0.7032236701687891 0.29677632983121105 0 0 0.9491608905558097
111 0.36779298784466546 0.6322070121553353 1 0 0.948711422486913
112 0.09181617230439104 0.908183827695609 1 0 0.9482621790958765
113 0.9571640986664939 0.042835901333506954 0 0 0.9478131602703894
114 0.4437467169474163 0.5562532830525837 1 0 0.9473643658981972
115 0.8761077065863686 0.12389229341363125 0 0 0.9469157958671011
116 0.6820891905622571 0.31791080943774286 0 1 0.9464674500649586
117 0.8917859079070348 0.10821409209296565 0 0 0.9460193283796833
118 0.19490347806765546 0.805096521932344 1 1 0.9455714306992448
119 0.4716974721614113 0.5283025278385887 1 0 0.9451237569116685
120 0.941777754882326 0.05822224511767424 0 1 0.9446763069050362
121 0.033789968404098834 0.9662100315959016 1 1 0.9442290805674853
122 0.024929828696360144 0.9750701713036395 1 1 0.9437820777872092
123 0.9547964468228346 0.04520355317716604 0 0 0.9433352984524572
124 0.9675473780609993 0.032452621939000406 0 0 0.9428887424515344
125 0.8830646097026427 0.11693539029735768 0 0 0.942442409672802
126 0.8620552431600441 0.13794475683995588 0 0 0.9419963000046766
127 0.95861197321405 0.04138802678595022 0 0 0.9415504133356308
128 0.35218857005477217 0.6478114299452277 1 1 0.941104749554193
129 0.1585634811546578 0.8414365188453417 1 1 0.9406593085489473
130 0.7602853492265499 0.23971465077345003 0 1 0.9402140902085333
131 0.6788924169423693 0.32110758305763054 0 1 0.9397690944216465
132 0.8738744224340792 0.1261255775659211 0 0 0.9393243210770379
133 0.5987577874306322 0.4012422125693683 0 0 0.9388797700635142
134 0.09515851500331735 0.9048414849966833 1 1 0.9384354412699377
135 0.4462095906653606 0.5537904093346396 1 0 0.9379913345852261
136 0.4913317690955632 0.5086682309044374 1 1 0.9375474498983528
137 0.04533470879585192 0.9546652912041482 1 1 0.9371037870983466
138 0.9527925423285944 0.047207457671405904 0 1 0.9366603460742918
139 0.5627985332171576 0.4372014667828424 0 1 0.9362171267153282
140 0.3376161485386759 0.6623838514613244 1 0 0.9357741289106508
141 0.7342244820135213 0.265775517986479 0 0 0.9353313525495103
142 0.7356338226726725 0.26436617732732787 0 0 0.9348887975212126
143 0.5332373447930664 0.4667626552069335 0 0 0.9344464637151187
144 0.42739009232394876 0.5726099076760514 1 1 0.9340043510206455
145 0.5171556546163738 0.4828443453836266 0 0 0.9335624593272646
146 0.4688812445358281 0.5311187554641719 1 0 0.9331207885245031
147 0.08300457070996635 0.9169954292900335 1 1 0.9326793385019433
148 0.5745153942637538 0.42548460573624597 0 1 0.9322381091492229
149 0.7337894645978777 0.2662105354021228 0 1 0.9317971003560342
150 0.7317719881900691 0.2682280118099311 0 0 0.9313563120121252
151 0.43601277117383175 0.5639872288261686 1 1 0.9309157440072989
152 0.18806821855379965 0.8119317814462003 1 1 0.9304753962314132
153 0.5631150904740221 0.4368849095259777 0 1 0.930035268574381
154 0.7026092594827916 0.2973907405172089 0 0 0.9295953609261706
155 0.45603210779830944 0.5439678922016911 1 1 0.929155673176805
156 0.43228888222957434 0.5677111177704253 1 1 0.9287162052163623
157 0.21130791066339402 0.7886920893366063 1 0 0.9282769569349755
158 0.45592854938198324 0.5440714506180168 1 0 0.9278379282228324
159 0.5234723686518562 0.47652763134814435 0 0 0.9273991189701761
160 0.4584069813551089 0.5415930186448914 1 0 0.926960529067304
161 0.5812735741770791 0.41872642582292086 0 1 0.9265221584045688
162 0.23720939961394094 0.7627906003860592 1 0 0.9260840068723777
163 0.6864566021654765 0.31354339783452345 0 0 0.9256460743611928
164 0.5272461952610306 0.47275380473896944 0 0 0.9252083607615312
165 0.22807877651105463 0.7719212234889457 1 1 0.9247708659639643
166 0.7459939248334372 0.2540060751665628 0 0 0.9243335898591184
167 0.33468959779767465 0.6653104022023252 1 1 0.9238965323376747
168 0.7637821852707646 0.23621781472923614 0 0 0.9234596932903685
169 0.8131185184294667 0.18688148157053336 0 0 0.9230230726079901
170 0.19930628288670013 0.8006937171132998 1 1 0.9225866701813845
171 0.3825810148811521 0.6174189851188476 1 0 0.9221504859014509
172 0.3413151389301266 0.6586848610698737 1 1 0.9217145196591434
173 0.2837679678288182 0.716232032171182 1 0 0.9212787713454703
174 0.25245042040226146 0.7475495795977387 1 0 0.9208432408514946
175 0.5159797038701297 0.4840202961298707 0 1 0.9204079280683337
176 0.6835189410050354 0.31648105899496476 0 0 0.9199728328871594
177 0.40082157407180047 0.5991784259281997 1 0 0.9195379551991977
178 0.8464047807585999 0.15359521924139966 0 0 0.9191032948957294
179 0.0700449829475591 0.929955017052441 1 0 0.9186688518680893
180 0.49766202308588137 0.5023379769141189 1 0 0.9182346260076668
181 0.3524894617282339 0.647510538271766 1 1 0.9178006172059052
182 0.9291620636837349 0.07083793631626518 0 0 0.9173668253543025
183 0.46485937021483126 0.5351406297851691 1 0 0.9169332503444106
184 0.959555125639828 0.04044487436017199 0 0 0.9164998920678359
185 0.4206091410145389 0.5793908589854609 1 0 0.9160667504162386
186 0.4165008691890169 0.5834991308109829 1 0 0.9156338252813335
187 0.9777658824100312 0.022234117589969106 0 0 0.9152011165548892
188 0.43106111849593015 0.5689388815040702 1 0 0.9147686241287286
189 0.3757129616976105 0.6242870383023897 1 0 0.9143363478947285
190 0.3900590872405608 0.609940912759439 1 1 0.9139042877448198
191 0.5584260469569361 0.44157395304306435 0 0 0.9134724435709877
192 0.7398893305998395 0.2601106694001609 0 0 0.9130408152652709
193 0.9868410734570294 0.013158926542970843 0 0 0.9126094027197623
194 0.1793693884798845 0.820630611520116 1 0 0.912178205826609
195 0.6965804989441842 0.3034195010558161 0 0 0.9117472244780116
196 0.35202140399463366 0.6479785960053666 1 0 0.9113164585662249
197 0.992049165282063 0.007950834717937146 0 0 0.9108859079835573
198 0.7396378141176027 0.2603621858823978 0 0 0.9104555726223711
199 0.2371653369319197 0.76283466306808 1 0 0.9100254523750826
200 0.020551127278178684 0.9794488727218212 1 1 0.9095955471341616
201 0.9649081440425956 0.035091855957404335 0 0 0.9091658567921319
202 0.033271627458732314 0.9667283725412678 1 0 0.908736381241571
203 0.8669230378025775 0.13307696219742193 0 1 0.9083071203751096
204 0.34641378244259635 0.653586217557404 1 0 0.907878074085433
205 0.028833288689587105 0.9711667113104135 1 1 0.9074492422652793
206 0.8539183984295396 0.1460816015704602 0 0 0.9070206248074407
207 0.9598053176667646 0.04019468233323539 0 0 0.9065922216047627
208 0.8620299021930615 0.13797009780693814 0 0 0.9061640325501444
209 0.7800368126915596 0.2199631873084409 0 0 0.905736057536539
210 0.423799332752515 0.576200667247485 1 1 0.9053082964569523
211 0.983694441440624 0.016305558559376317 0 0 0.9048807492044442
212 0.45024060584734826 0.5497593941526521 1 1 0.9044534156721279
213 0.9652694790663103 0.034730520933689356 0 0 0.9040262957531698
214 0.8853547813714673 0.1146452186285327 0 0 0.9035993893407902
215 0.9772953061197337 0.022704693880266403 0 0 0.9031726963282625
216 0.9285217565044788 0.07147824349552119 0 0 0.9027462166089132
217 0.36807139159849683 0.6319286084015031 1 0 0.9023199500761224
218 0.3724453791360447 0.6275546208639553 1 0 0.9018938966233236
219 0.8718917653930262 0.12810823460697426 0 1 0.9014680561440035
220 0.513846836750052 0.4861531632499481 0 0 0.9010424285317018
221 0.17173824128497456 0.8282617587150252 1 0 0.9006170136800117
222 0.9544710495959993 0.0455289504040008 0 0 0.9001918114825794
223 0.4160132424242216 0.5839867575757783 1 1 0.8997668218331044
224 0.3187903313605928 0.681209668639407 1 0 0.8993420446253394
225 0.7132718412033126 0.28672815879668745 0 0 0.8989174797530899
226 0.9707112351964113 0.029288764803588916 0 0 0.8984931271102148
227 0.046023691727974006 0.953976308272026 1 1 0.8980689865906258
228 0.40108580899382196 0.5989141910061785 1 1 0.8976450580882879
229 0.15225074170490097 0.8477492582950991 1 0 0.897221341497219
230 0.4247655805096682 0.5752344194903317 1 0 0.8967978367114897
231 0.9741147463084737 0.025885253691526798 0 0 0.8963745436252242
232 0.47712135957870777 0.5228786404212924 1 0 0.895951462132599
233 0.9857416919641231 0.014258308035876958 0 0 0.8955285921278436
234 0.4245218546863525 0.5754781453136475 1 1 0.8951059335052408
235 0.9927852395638592 0.00721476043614042 0 0 0.8946834861591256
236 0.004975496634517935 0.9950245033654821 1 0 0.8942612499838865
237 0.7708267021163046 0.22917329788369525 0 1 0.8938392248739643
238 0.46493620581152484 0.5350637941884752 1 0 0.8934174107238526
239 0.40657912921393763 0.5934208707860625 1 0 0.8929958074280979
240 0.41280411563594066 0.5871958843640595 1 0 0.8925744148812996
241 0.9060864529609687 0.09391354703903143 0 0 0.8921532329781094
242 0.5197475955830262 0.48025240441697364 0 0 0.8917322616132318
243 0.3212834130796458 0.678716586920354 1 0 0.891311500681424
244 0.5840971564304706 0.4159028435695292 0 0 0.8908909500774957
245 0.5190065220037966 0.48099347799620323 0 1 0.8904706096963094
246 0.28637175649449464 0.7136282435055054 1 0 0.8900504794327798
247 0.3630609993096523 0.6369390006903478 1 0 0.8896305591818745
248 0.5081345473803363 0.491865452619664 0 1 0.8892108488386133
249 0.7030631236393243 0.29693687636067584 0 0 0.8887913482980688
250 0.506313036649196 0.4746992825665085 0 1 0.8883720574553657
251 0.020167207448659234 0.9798327925513408 1 0 0.8879529762056811
252 0.9576102285895564 0.023436266864138675 0 0 0.8875341044442453
253 0.9488298595826333 0.0511701404173667 0 0 0.8871154420663397
254 0.734223478789019 0.24688146080364062 0 1 0.8866969889672991
255 0.588361779941575 0.41163822005842476 0 0 0.8862787450425101
256 0.932395206241357 0.06760479375864371 0 0 0.8858607101874116
257 0.496071875243556 0.5039281247564439 1 0 0.8854428842974952
258 0.8106749407424834 0.1893250592575166 0 1 0.885025267268304
259 0.6797596004083244 0.32024039959167566 0 0 0.8846078589954341
260 0.8243350474905864 0.17566495250941327 0 0 0.8841906593745332
261 0.678827923158339 0.321172076841661 0 1 0.8837736683013016
262 0.9103799174172799 0.08962008258272014 0 0 0.8833568856714914
263 0.6293280479068805 0.3706719520931197 0 0 0.8829403113809069
264 0.6296889636131484 0.3703110363868518 0 1 0.8825239453254046
265 0.9057311983324582 0.09426880166754255 0 0 0.882107787400893
266 0.11803300148338063 0.8819669985166193 1 1 0.8816918375033326
267 0.8738184568028975 0.1261815431971025 0 0 0.8812760955287358
268 0.6959313549948407 0.30406864500515945 0 1 0.8808605613731673
269 0.8080210328228864 0.19197896717711332 0 1 0.8804452349327435
270 0.4474574668785575 0.5525425331214426 1 1 0.8800301161036327
271 0.6880020553611866 0.3119979446388137 0 0 0.8796152047820552
272 0.2724584755427384 0.727541524457262 1 1 0.8792005008642834
273 0.8837106216837208 0.11628937831627918 0 0 0.878786004246641
274 0.7297623263170707 0.2702376736829292 0 0 0.8783717148255039
275 0.9081061434312019 0.09189385656879781 0 0 0.8779576324973
276 0.8453709331183293 0.15462906688167075 0 0 0.8775437571585084
277 0.7908144379923318 0.2091855620076683 0 0 0.8771300887056604
278 0.9529491838199706 0.04705081618002937 0 0 0.8767166270353389
279 0.7236631113640409 0.2763368886359591 0 0 0.8763033720441786
280 0.9718567035433173 0.028143296456683113 0 0 0.8758903236288655
281 0.6245956480658411 0.3754043519341593 0 1 0.8754774816861377
282 0.6285749855871015 0.3714250144128988 0 0 0.8750648461127845
283 0.7352961012338272 0.2647038987661731 0 0 0.8746524168056472
284 0.98032792633106 0.01967207366893985 0 0 0.8742401936616183
285 0.7652307581348059 0.23476924186519418 0 0 0.8738281765776422
286 0.16323684778881786 0.8367631522111825 1 1 0.8734163654507144
287 0.726784567942942 0.27321543205705795 0 0 0.8730047601778824
288 0.6907656101046679 0.30923438989533186 0 0 0.8725933606562447
289 0.7753227733164975 0.2246772266835023 0 1 0.8721821667829516
290 0.8301725227405927 0.16982747725940725 0 0 0.8717711784552042
291 0.9472976952993553 0.0527023047006447 0 1 0.8713603955702558
292 0.06839939936418209 0.931600600635818 1 1 0.8709498180254107
293 0.7943918484146828 0.20560815158531717 0 0 0.8705394457180242
294 0.6656468943625626 0.3343531056374378 0 0 0.8701292785455035
295 0.8343390044909509 0.16566099550904942 0 0 0.8697193164053066
0.5315914705967137
0.6240806717136906
0.6281388165763414
0.532 ¡À 0.000
0.624 ¡À 0.000
0.628 ¡À 0.000
