0
0 0.0 0.0 0 0 1.0
1 0.0 0.0 0 0 0.9995251187302109
2 1.000000000000001 0.0 0 0 0.9990504748417063
3 1.000000000000001 0.0 0 0 0.9985760682158253
4 1.000000000000001 0.0 0 0 0.9981018987339664
5 1.000000000000001 0.0 0 0 0.9976279662775871
6 1.000000000000001 0.0 0 0 0.9971542707282044
7 1.000000000000001 0.0 0 1 0.9966808119673941
8 1.000000000000001 0.0 0 0 0.9962075898767919
9 1.000000000000001 0.0 0 1 0.995734604338092
10 0.4193781286909729 0.5806218713090261 1 0 0.9952618552330482
11 0.44551014542720935 0.5544898545727904 1 0 0.9947893424434732
12 0.4683353769353197 0.5316646230646802 1 0 0.9943170658512385
13 0.48855409134351846 0.5114459086564814 1 1 0.9938450253382753
14 0.36521792155901184 0.6347820784409878 1 0 0.9933732207865733
15 0.38813022054364754 0.6118697794563513 1 0 0.9929016520781815
16 0.4301200358449586 0.5698799641550426 1 0 0.9924303190952076
17 0.39699994822803747 0.6030000517719633 1 0 0.9919592217198184
18 0.4216814445209499 0.5783185554790496 1 0 0.9914883598342394
19 0.42532630826243173 0.5746736917375682 1 1 0.9910177333207555
20 0.5144262778072267 0.4855737221927723 0 0 0.9905473420617097
21 0.3450683451492782 0.6549316548507215 1 1 0.9900771859395043
22 0.4866559717906576 0.5133440282093421 1 1 0.9896072648366003
23 0.3346914507652879 0.6653085492347119 1 0 0.9891375786355174
24 0.3366346621406434 0.6633653378593565 1 1 0.988668127218834
25 0.3158897212058083 0.6841102787941922 1 1 0.9881989104691874
26 0.43967808590597074 0.5603219140940292 1 0 0.9877299282692732
27 0.46695363306337295 0.5330463669366277 1 0 0.987261180501846
28 0.44289154094387245 0.557108459056127 1 1 0.9867926670497188
29 0.38569902059931715 0.6143009794006823 1 0 0.9863243877957633
30 0.45043102853058875 0.5495689714694105 1 1 0.9858563426229096
31 0.3591828496205908 0.6408171503794099 1 0 0.9853885314141463
32 0.3714349108577344 0.6285650891422653 1 1 0.9849209540525209
33 0.35887354611591843 0.6411264538840816 1 0 0.9844536104211388
34 0.37064926377145707 0.629350736228543 1 0 0.9839865004031642
35 0.3817648656443848 0.6182351343556144 1 0 0.9835196238818196
36 0.33076310749626203 0.6692368925037389 1 1 0.9830529807403857
37 0.34749429041748303 0.652505709582517 1 0 0.9825865708622019
38 0.40750084088524896 0.5924991591147515 1 1 0.9821203941306657
39 0.35000041904898 0.64999958095102 1 1 0.9816544504292329
40 0.3495185659189552 0.6504814340810442 1 1 0.9811887396414175
41 0.4555819995037584 0.5444180004962417 1 0 0.9807232616507919
42 0.30662309614593936 0.6933769038540607 1 1 0.9802580163409866
43 0.4801949393091371 0.5198050606908624 1 0 0.9797930035956902
44 0.7349984834812964 0.26500151651870385 0 0 0.9793282232986495
45 0.7308306215875725 0.26916937841242794 0 0 0.9788636753336696
46 0.35568042223011137 0.6443195777698885 1 0 0.9783993595846132
47 0.7263231931433958 0.27367680685660367 0 0 0.9779352759354016
48 0.826799027455784 0.17320097254421613 0 0 0.9774714242700139
49 0.9645171532332631 0.0354828467667374 0 1 0.977007804472487
50 0.5968349611113453 0.4031650388886548 0 0 0.976544416426916
51 0.627146976981218 0.3728530230187822 0 1 0.976081260017454
52 0.7537706658193455 0.24622933418065465 0 0 0.9756183351283119
53 0.8590968107966123 0.1409031892033879 0 0 0.9751556416437582
54 0.7322684870765384 0.2677315129234621 0 0 0.97469317944812
55 0.4291620528825818 0.5708379471174171 1 0 0.9742309484257813
56 0.7693939418511075 0.23060605814889207 0 0 0.9737689484611846
57 0.521340570484702 0.4786594295152981 0 0 0.9733071794388298
58 0.9365906144358129 0.06340938556418728 0 0 0.9728456412432746
59 0.9445982059932572 0.05540179400674304 0 0 0.9723843337591346
60 0.20476712320714788 0.795232876792852 1 0 0.9719232568710827
61 0.9921016216329519 0.007898378367047786 0 0 0.97146241046385
62 0.14609958550985366 0.8539004144901465 1 0 0.9710017944222247
63 0.23452988167920166 0.765470118320798 1 0 0.9705414086310526
64 0.8561199559757529 0.14388004402424664 0 1 0.9700812529752377
65 0.7301684250296481 0.26983157497035265 0 0 0.9696213273397407
66 0.7724268229072438 0.22757317709275618 0 1 0.9691616316095805
67 0.374640036204406 0.6253599637955939 1 1 0.9687021656698327
68 0.6113611534388561 0.3886388465611441 0 0 0.9682429294056313
69 0.8910669206576378 0.10893307934236252 0 1 0.967783922702167
70 0.7538124758075447 0.2461875241924554 0 0 0.9673251454446882
71 0.8821501029303491 0.11784989706965124 0 0 0.9668665975185005
72 0.7097068006128946 0.2902931993871059 0 1 0.966408278808967
73 0.6794751798650842 0.32052482013491573 0 0 0.9659501892015078
74 0.7052742891695296 0.2947257108304701 0 0 0.9654923285816008
75 0.06426516258506322 0.08356879178919635 1 0 0.9650346968347807
76 0.8894543128214948 0.11054568717850503 0 0 0.9645772938466396
77 0.9248952297542496 0.07510477024575049 0 1 0.9641201195028267
78 0.535635656240265 0.464364343759735 0 1 0.9636631736890484
79 0.49448924307983244 0.5055107569201684 1 0 0.9632064562910683
80 0.2013273938340231 0.7986726061659772 1 0 0.9627499671947071
81 0.7685401465078718 0.23145985349212803 0 0 0.9622937062858423
82 0.7858562947695288 0.2141437052304709 0 1 0.9618376734504089
83 0.31018866104295784 0.4035703184814902 1 0 0.9613818685743987
84 0.6653106166837208 0.33468938331627945 0 1 0.9609262915438603
85 0.5399546979987458 0.4600453020012549 0 0 0.9604709422448996
86 0.3171859672626273 0.6828140327373728 1 1 0.9600158205636791
87 0.5941389190058091 0.405861080994191 0 0 0.9595609263864187
88 0.6018773408135685 0.3981226591864313 0 1 0.9591062595993943
89 0.4291336239096405 0.5708663760903597 1 1 0.9586518200889397
90 0.5007712483256502 0.4992287516743499 0 0 0.9581976077414449
91 0.5596344421166298 0.4403655578833704 0 0 0.9577436224433568
92 0.553430869839843 0.4465691301601573 0 0 0.957289864081179
93 0.7996276721901764 0.20037232780982334 0 0 0.9568363325414718
94 0.8952706363000176 0.10472936369998241 0 0 0.9563830277108525
95 0.926269359169795 0.07373064083020477 0 0 0.9559299494759951
96 0.912554607257454 0.08744539274254622 0 1 0.9554770977236295
97 0.7694257484731072 0.23057425152689268 0 0 0.9550244723405431
98 0.08608906833102666 0.9139109316689735 1 0 0.9545720732135796
99 0.8329803341758621 0.16701966582413857 0 0 0.9541199002296391
100 0.8269219745593919 0.1730780254406084 0 0 0.9536679532756783
101 0.9556561543726428 0.04434384562735805 0 0 0.9532162322387105
102 0.8610382782142643 0.1389617217857356 0 0 0.9527647370058057
103 0.9806731165716271 0.01932688342837301 0 0 0.9523134674640896
104 0.053484886654883934 0.9465151133451164 1 0 0.951862423500745
105 0.9809329062328519 0.019067093767148147 0 0 0.9514116050030111
106 0.8801386634059428 0.1198613365940574 0 0 0.9509610118581833
107 0.960453535809972 0.0395464641900279 0 1 0.950510643953613
108 0.21037666132191812 0.7896233386780817 1 1 0.9500605011767084
109 0.07242787338175186 0.9275721266182481 1 1 0.9496105834149338
110 0.8860144893088658 0.11398551069113383 0 0 0.9491608905558097
111 0.9394188091558765 0.06058119084412385 0 0 0.948711422486913
112 0.9642010494821435 0.03579895051785642 0 0 0.9482621790958765
113 0.018864605596362202 0.9811353944036382 1 1 0.9478131602703894
114 0.956340495558657 0.04365950444134275 0 0 0.9473643658981972
115 0.9069747993038062 0.09302520069619377 0 0 0.9469157958671011
116 0.9830231854399344 0.01697681456006587 0 0 0.9464674500649586
117 0.9789493976434306 0.02105060235656867 0 0 0.9460193283796833
118 0.7598997244388892 0.24010027556111097 0 0 0.9455714306992448
119 0.9881037259224528 0.011896274077547413 0 0 0.9451237569116685
120 0.9414821582152374 0.0585178417847628 0 0 0.9446763069050362
121 0.969922630999147 0.030077369000853057 0 1 0.9442290805674853
122 0.9572210487308627 0.042778951269137784 0 0 0.9437820777872092
123 0.9667963177393676 0.03320368226063278 0 0 0.9433352984524572
124 0.9746621297353866 0.025337870264613434 0 0 0.9428887424515344
125 0.914615203909972 0.08538479609002807 0 1 0.942442409672802
126 0.07074990608086446 0.9292500939191354 1 1 0.9419963000046766
127 0.8786070400736633 0.121392959926337 0 1 0.9415504133356308
128 0.8966535560620701 0.10334644393793009 0 1 0.941104749554193
129 0.6765799412082116 0.3234200587917885 0 0 0.9406593085489473
130 0.7994836283661334 0.2005163716338665 0 1 0.9402140902085333
131 0.7701364206522826 0.22986357934771767 0 0 0.9397690944216465
132 0.7961287581277863 0.2038712418722139 0 0 0.9393243210770379
133 0.8118835419919687 0.18811645800803153 0 1 0.9388797700635142
134 0.48878328468292054 0.5112167153170794 1 1 0.9384354412699377
135 0.5033527438365504 0.49664725616344946 0 0 0.9379913345852261
136 0.7391277017624486 0.26087229823755187 0 0 0.9375474498983528
137 0.7728360149860982 0.22716398501390134 0 0 0.9371037870983466
138 0.7653989246179742 0.2346010753820257 0 1 0.9366603460742918
139 0.6368702211858105 0.3631297788141894 0 0 0.9362171267153282
140 0.7158461736182262 0.284153826381774 0 0 0.9357741289106508
141 0.7071175732953149 0.2928824267046851 0 0 0.9353313525495103
142 0.7231527436179555 0.27684725638204444 0 0 0.9348887975212126
143 0.8475815750823115 0.15241842491768848 0 0 0.9344464637151187
144 0.7847672613345503 0.21523273866544967 0 1 0.9340043510206455
145 0.7029851269334526 0.2970148730665474 0 0 0.9335624593272646
146 0.7819019899001977 0.21809801009980248 0 0 0.9331207885245031
147 0.8156509875980323 0.18434901240196774 0 0 0.9326793385019433
148 0.8251069100909344 0.17489308990906588 0 0 0.9322381091492229
149 0.9564492410673283 0.043550758932671844 0 0 0.9317971003560342
150 0.9568534129780404 0.043146587021959726 0 0 0.9313563120121252
151 0.979484380685642 0.020515619314357723 0 0 0.9309157440072989
152 0.9764974289010308 0.023502571098969516 0 0 0.9304753962314132
153 0.9066461464503824 0.09335385354961734 0 1 0.930035268574381
154 0.8723328598605448 0.12766714013945493 0 1 0.9295953609261706
155 0.8180650496050497 0.18193495039495003 0 0 0.929155673176805
156 0.8563032851645456 0.1436967148354545 0 0 0.9287162052163623
157 0.8706507701292121 0.12934922987078812 0 0 0.9282769569349755
158 0.9105335003668663 0.08946649963313397 0 0 0.9278379282228324
159 0.8002452615079343 0.19975473849206582 0 0 0.9273991189701761
160 0.9531523699091694 0.04684763009083062 0 0 0.926960529067304
161 0.012672778934681652 0.9873272210653183 1 0 0.9265221584045688
162 0.9837832271904111 0.016216772809589466 0 0 0.9260840068723777
163 0.7930245707179251 0.20697542928207482 0 0 0.9256460743611928
164 0.9380269374883302 0.06197306251167005 0 0 0.9252083607615312
165 0.9460048304195512 0.05399516958044914 0 0 0.9247708659639643
166 0.9113845195665116 0.08861548043348855 0 0 0.9243335898591184
167 0.8999825928634131 0.10001740713658692 0 1 0.9238965323376747
168 0.8218297419059362 0.17817025809406378 0 0 0.9234596932903685
169 0.9226414636424821 0.07735853635751767 0 0 0.9230230726079901
170 0.9752491956293938 0.024750804370606026 0 1 0.9225866701813845
171 0.6826005585568424 0.31739944144315735 0 0 0.9221504859014509
172 0.6704625335365662 0.3295374664634344 0 1 0.9217145196591434
173 0.8373311945234422 0.16266880547655824 0 0 0.9212787713454703
174 0.8775675657073225 0.12243243429267765 0 0 0.9208432408514946
175 0.07489470593671171 0.925105294063288 1 0 0.9204079280683337
176 0.9107419996537364 0.08925800034626341 0 0 0.9199728328871594
177 0.931001805888216 0.06899819411178389 0 0 0.9195379551991977
178 0.930374687156953 0.0696253128430469 0 0 0.9191032948957294
179 0.7444833671086267 0.25551663289137344 0 1 0.9186688518680893
180 0.8908655067025649 0.10913449329743528 0 0 0.9182346260076668
181 0.8932525278769627 0.10674747212303785 0 0 0.9178006172059052
182 0.649077749616631 0.3509222503833691 0 0 0.9173668253543025
183 0.9598772644129402 0.04012273558705984 0 0 0.9169332503444106
184 0.9126465697683936 0.08735343023160644 0 0 0.9164998920678359
185 0.3901410105394374 0.6098589894605629 1 1 0.9160667504162386
186 0.9250522930838291 0.07494770691617103 0 0 0.9156338252813335
187 0.8641372772241984 0.13586272277580141 0 1 0.9152011165548892
188 0.8202366203131523 0.1797633796868478 0 0 0.9147686241287286
189 0.8940199771055326 0.10598002289446745 0 1 0.9143363478947285
190 0.6461194302443396 0.3538805697556604 0 0 0.9139042877448198
191 0.8557602377959231 0.14423976220407708 0 0 0.9134724435709877
192 0.7821248781650239 0.21787512183497612 0 1 0.9130408152652709
193 0.7902057225547525 0.20979427744524742 0 0 0.9126094027197623
194 0.8483156365775987 0.15168436342240094 0 0 0.912178205826609
195 0.28978134793331783 0.7102186520666823 1 0 0.9117472244780116
196 0.7299801973023209 0.27001980269767895 0 0 0.9113164585662249
197 0.9342042315188562 0.06579576848114398 0 0 0.9108859079835573
198 0.9194036870865054 0.08059631291349448 0 0 0.9104555726223711
199 0.9665527048765188 0.03344729512348163 0 0 0.9100254523750826
200 0.8415796104702271 0.15842038952977258 0 1 0.9095955471341616
201 0.8792318610797648 0.12076813892023557 0 0 0.9091658567921319
202 0.8704814633597738 0.12951853664022603 0 0 0.908736381241571
203 0.9447586552279191 0.05524134477208121 0 0 0.9083071203751096
204 0.9268027656233297 0.07319723437667075 0 0 0.907878074085433
205 0.4048628336508484 0.5951371663491518 1 0 0.9074492422652793
206 0.5297438771336581 0.47025612286634205 0 1 0.9070206248074407
207 0.09872105355350975 0.9012789464464906 1 1 0.9065922216047627
208 0.8584130681188579 0.14158693188114216 0 0 0.9061640325501444
209 0.8875623843606394 0.11243761563936072 0 0 0.905736057536539
210 0.9554932005790042 0.04450679942099569 0 1 0.9053082964569523
211 0.8545901487389783 0.14540985126102204 0 0 0.9048807492044442
212 0.8584541567555737 0.1415458432444262 0 1 0.9044534156721279
213 0.7433703271807833 0.25662967281921667 0 0 0.9040262957531698
214 0.8138700032668049 0.18612999673319477 0 0 0.9035993893407902
215 0.8362513733402103 0.16374862665979006 0 0 0.9031726963282625
216 0.7631190891542448 0.23688091084575535 0 1 0.9027462166089132
217 0.6639710083952743 0.3360289916047256 0 1 0.9023199500761224
218 0.7645968912152146 0.23540310878478585 0 1 0.9018938966233236
219 0.65194939959321 0.3480506004067902 0 0 0.9014680561440035
220 0.6851474208410907 0.3148525791589092 0 0 0.9010424285317018
221 0.3341069174093437 0.6658930825906562 1 1 0.9006170136800117
222 0.7581141120411892 0.2418858879588111 0 0 0.9001918114825794
223 0.7098506778720389 0.2901493221279612 0 0 0.8997668218331044
224 0.7051197911323236 0.29488020886767674 0 1 0.8993420446253394
225 0.4408504610595555 0.5591495389404442 1 1 0.8989174797530899
226 0.7270392067596099 0.2729607932403896 0 0 0.8984931271102148
227 0.7593067937951267 0.24069320620487317 0 0 0.8980689865906258
228 0.728963468063247 0.2710365319367531 0 0 0.8976450580882879
229 0.7147091047770063 0.2852908952229936 0 1 0.897221341497219
230 0.5970118727034619 0.4029881272965384 0 1 0.8967978367114897
231 0.6298131397035343 0.3701868602964656 0 0 0.8963745436252242
232 0.6362150350459188 0.36378496495408164 0 0 0.895951462132599
233 0.648777870388479 0.3512221296115209 0 0 0.8955285921278436
234 0.21613217630806988 0.7838678236919299 1 1 0.8951059335052408
235 0.7312335550116345 0.2687664449883651 0 0 0.8946834861591256
236 0.6714637597137604 0.32853624028623984 0 1 0.8942612499838865
237 0.6809919938834332 0.31900800611656693 0 0 0.8938392248739643
238 0.6710679409458825 0.328932059054118 0 1 0.8934174107238526
239 0.6068292481663037 0.39317075183369626 0 1 0.8929958074280979
240 0.609854412794163 0.39014558720583725 0 0 0.8925744148812996
241 0.5991667750205463 0.40083322497945373 0 1 0.8921532329781094
242 0.5840285748251386 0.4159714251748613 0 0 0.8917322616132318
243 0.5632399570006094 0.4367600429993903 0 0 0.891311500681424
244 0.6079165336297438 0.39208346637025665 0 0 0.8908909500774957
245 0.6350187199717018 0.36498128002829877 0 0 0.8904706096963094
246 0.6746998444055031 0.3253001555944969 0 0 0.8900504794327798
247 0.589980458105421 0.4100195418945784 0 1 0.8896305591818745
248 0.6179662468626356 0.38203375313736465 0 1 0.8892108488386133
249 0.5503158179359078 0.4496841820640924 0 0 0.8887913482980688
250 0.5991665424586532 0.4008334575413465 0 0 0.8883720574553657
251 0.5876037963901934 0.41239620360980683 0 0 0.8879529762056811
252 0.6112767441678711 0.3887232558321287 0 1 0.8875341044442453
253 0.5696046996680159 0.43039530033198437 0 0 0.8871154420663397
254 0.3576226962611859 0.642377303738814 1 1 0.8866969889672991
255 0.6000939453045372 0.39990605469546314 0 0 0.8862787450425101
256 0.5671733029698566 0.4328266970301433 0 1 0.8858607101874116
257 0.548076701552863 0.45192329844713686 0 0 0.8854428842974952
258 0.5892151511813201 0.4107848488186801 0 0 0.885025267268304
259 0.591492959729628 0.40850704027037205 0 0 0.8846078589954341
260 0.5364093229866119 0.46359067701338796 0 1 0.8841906593745332
261 0.5665537320411186 0.4334462679588816 0 1 0.8837736683013016
262 0.520719168959446 0.479280831040554 0 1 0.8833568856714914
263 0.49277634044254215 0.5072236595574579 1 0 0.8829403113809069
264 0.5234315463757527 0.4765684536242473 0 1 0.8825239453254046
265 0.4759820286569481 0.5240179713430524 1 0 0.882107787400893
266 0.4869090392287536 0.5130909607712462 1 0 0.8816918375033326
267 0.48645899747866794 0.4955168984366991 1 0 0.8812760955287358
268 0.5011575958374277 0.4807074659613652 0 0 0.8808605613731673
269 0.5366861955684081 0.46331380443159154 0 0 0.8804452349327435
270 0.5495862189916663 0.4504137810083339 0 0 0.8800301161036327
271 0.5652346366095661 0.43476536339043415 0 0 0.8796152047820552
272 0.5677255606571746 0.43227443934282556 0 0 0.8792005008642834
273 0.6705415434993492 0.32945845650065103 0 0 0.878786004246641
274 0.6819314737809143 0.3180685262190851 0 1 0.8783717148255039
275 0.5809582561491432 0.419041743850857 0 0 0.8779576324973
276 0.5107543271116515 0.4892456728883488 0 0 0.8775437571585084
277 0.6266658836613664 0.3733341163386336 0 0 0.8771300887056604
278 0.7140473804788863 0.28595261952111384 0 0 0.8767166270353389
279 0.7340541223199135 0.2659458776800864 0 0 0.8763033720441786
280 0.8060428683793933 0.19395713162060624 0 0 0.8758903236288655
281 0.8492389223237055 0.1507610776762945 0 0 0.8754774816861377
282 0.9156590181923897 0.08434098180761025 0 0 0.8750648461127845
283 0.965711907443019 0.03428809255698112 0 0 0.8746524168056472
284 0.9120371344099372 0.08796286559006308 0 0 0.8742401936616183
285 0.9796009043453762 0.02039909565462401 0 0 0.8738281765776422
286 0.961270658456552 0.020140691551355724 0 0 0.8734163654507144
287 0.8140139788469868 0.18598602115301338 0 0 0.8730047601778824
288 0.9738119090833581 0.026188090916642016 0 0 0.8725933606562447
289 0.9871824976158443 0.012817502384155821 0 0 0.8721821667829516
290 0.9932623309289508 0.006737669071049021 0 0 0.8717711784552042
291 0.9444313944677333 0.05556860553226667 0 0 0.8713603955702558
292 0.9658925993790021 0.03410740062099827 0 0 0.8709498180254107
293 0.9273308609698923 0.07266913903010817 0 0 0.8705394457180242
294 0.9926589952570666 0.007341004742933848 0 0 0.8701292785455035
295 0.4720392871347598 0.5279607128652402 1 1 0.8697193164053066
296 0.9117703412677072 0.0882296587322931 0 0 0.8693095591949432
297 0.954285167590625 0.045714832409375364 0 0 0.8689000068119738
298 0.9776618895923764 0.02233811040762344 0 0 0.8684906591540104
299 0.8051717958085669 0.19482820419143324 0 1 0.868081516118716
300 0.9667754429240696 0.033224557075930666 0 0 0.8676725776038049
301 0.8778305058281635 0.12216949417183683 0 0 0.8672638435070424
302 0.9764442386756769 0.023555761324323143 0 0 0.8668553137262452
303 0.9768141925817632 0.023185807418236903 0 0 0.8664469881592806
304 0.9027022138218916 0.09729778617810829 0 1 0.8660388667040673
305 0.9400652847544373 0.05993471524556301 0 0 0.8656309492585749
306 0.8557671930617268 0.1442328069382733 0 1 0.8652232357208242
307 0.844844312460646 0.15515568753935371 0 0 0.8648157259888866
308 0.6892664119605469 0.31073358803945333 0 0 0.8644084199608846
309 0.9068917414212915 0.09310825857870793 0 0 0.864001317534992
310 0.8819797498977859 0.11802025010221423 0 0 0.8635944186094329
311 0.6849389532125056 0.31506104678749414 0 1 0.8631877230824827
312 0.7500239386351636 0.24997606136483613 0 0 0.8627812308524675
313 0.9119760582976275 0.08802394170237217 0 0 0.8623749418177644
314 0.9081892916957447 0.0740037349770925 0 1 0.8619688558768008
315 0.885458998123617 0.11454100187638355 0 1 0.8615629729280555
316 0.8280102377452162 0.15376197728723864 0 0 0.8611572928700576
317 0.8366128053989899 0.16338719460101012 0 0 0.8607518156013872
318 0.8769466225553478 0.10491334117438039 0 1 0.860346541020675
319 0.7875894960030635 0.21241050399693684 0 0 0.8599414690266022
320 0.8392755946918055 0.16072440530819482 0 0 0.8595365995179007
321 0.8001860859829971 0.1998139140170028 0 1 0.8591319323933535
322 0.7842971644675276 0.19725483883799064 0 0 0.8587274675517935
323 0.8194600812199864 0.1805399187800136 0 0 0.8583232048921047
324 0.7818621501170372 0.21813784988296248 0 1 0.8579191443132214
325 0.7246478354393667 0.27535216456063355 0 0 0.8575152857141283
326 0.784284430857929 0.21571556914207132 0 0 0.8571116289938607
327 0.8099924193726 0.19000758062740003 0 0 0.8567081740515047
328 0.7989930511512481 0.20100694884875217 0 0 0.8563049207861965
329 0.8825927081518499 0.11740729184815007 0 0 0.8559018690971224
330 0.8914075961545347 0.108592403845465 0 0 0.8554990188835201
331 0.8585854897985916 0.14141451020140886 0 0 0.8550963700446765
332 0.9712418336360817 0.028758166363918425 0 0 0.8546939224799296
333 0.7802032042197643 0.21979679578023584 0 1 0.8542916760886676
334 0.7741174806898993 0.22588251931010103 0 1 0.8538896307703289
335 0.777196327971682 0.2228036720283184 0 0 0.8534877864244019
336 0.7667289544930327 0.23327104550696662 0 0 0.8530861429504258
337 0.6594199636868091 0.34058003631319084 0 1 0.8526847002479896
338 0.6728189652808532 0.3271810347191465 0 0 0.8522834582167327
339 0.7394928812056546 0.2605071187943457 0 0 0.8518824167563444
340 0.7258574342054183 0.27414256579458235 0 0 0.8514815757665646
341 0.8638458545438059 0.13615414545619448 0 0 0.8510809351471827
342 0.2839082066279085 0.7160917933720914 1 0 0.8506804947980389
343 0.9206900028353837 0.07930999716461633 0 0 0.850280254619023
344 0.8456697983017926 0.1543302016982074 0 0 0.8498802145100749
345 0.8308148245239646 0.16918517547603515 0 1 0.8494803743711846
346 0.8056425320744927 0.19435746792550765 0 1 0.849080734102392
347 0.5994276307122492 0.40057236928775103 0 0 0.8486812936037871
348 0.7804114982388157 0.2195885017611839 0 0 0.8482820527755098
349 0.7703230358514753 0.22967696414852456 0 1 0.8478830115177499
350 0.7043510254211028 0.29564897457889744 0 0 0.847484169730747
351 0.675975588262257 0.32402441173774327 0 1 0.8470855273147906
352 0.25487757400877414 0.7451224259912261 1 1 0.8466870841702203
353 0.3457918760167599 0.6542081239832402 1 1 0.8462888401974251
354 0.6795859366515632 0.32041406334843686 0 0 0.8458907952968442
355 0.7042187353220078 0.29578126467799204 0 0 0.8454929493689662
356 0.7487770676880448 0.25122293231195564 0 0 0.8450953023143297
357 0.7232112758898104 0.27678872411019007 0 1 0.8446978540335229
358 0.6868393074331882 0.313160692566812 0 0 0.8443006044271837
359 0.5784737578312655 0.4215262421687345 0 1 0.8439035533959999
360 0.6587502131732028 0.34124978682679685 0 0 0.8435067008407084
361 0.5596963575413059 0.4403036424586941 0 1 0.8431100466620963
362 0.3228472578215331 0.6771527421784667 1 1 0.842713590761
363 0.3341249190065988 0.6658750809934011 1 1 0.8423173330383056
364 0.5186750451666616 0.4813249548333386 0 1 0.8419212733949486
365 0.5353947326013639 0.46460526739863595 0 1 0.841525411731914
366 0.5047039077278012 0.49529609227219884 0 0 0.8411297479502364
367 0.5347994435628537 0.46520055643714636 0 0 0.840734281951
368 0.5120069343468112 0.48799306565318884 0 1 0.8403390136353381
369 0.5464691631949143 0.4535308368050857 0 0 0.8399439429044339
370 0.5235920113412903 0.4764079886587093 0 1 0.8395490696595194
371 0.5072406621758315 0.4927593378241687 0 0 0.8391543938018764
372 0.44008647803622725 0.5599135219637724 1 1 0.838759915232836
373 0.5221765006552092 0.4778234993447906 0 0 0.8383656338537786
374 0.5469846464152515 0.45301535358474854 0 0 0.8379715495661337
375 0.5576266859719354 0.44237331402806496 0 0 0.8375776622713803
376 0.5760190546403803 0.4239809453596195 0 0 0.8371839718710465
377 0.6181383303301458 0.38186166966985424 0 0 0.8367904782667099
378 0.3226339543264595 0.6773660456735406 1 0 0.836397181359997
379 0.6049113883598921 0.395088611640108 0 1 0.8360040810525834
380 0.5687036774879756 0.4312963225120244 0 0 0.8356111772461942
381 0.5868629667062548 0.4131370332937451 0 1 0.8352184698426034
382 0.5174516026094851 0.4825483973905145 0 0 0.8348259587436342
383 0.5315153194411091 0.46848468055889125 0 1 0.8344336438511587
384 0.5060687307046088 0.49393126929539144 0 0 0.8340415250670983
385 0.5157048882092722 0.48429511179072776 0 0 0.8336496022934232
386 0.5321476858323233 0.4678523141676771 0 0 0.8332578754321528
387 0.5557267187412944 0.4442732812587058 0 0 0.8328663443853553
388 0.5815280603930784 0.41847193960692197 0 1 0.832475009055148
389 0.5149155479090844 0.4850844520909155 0 0 0.8320838693436969
390 0.5318959634575602 0.4681040365424398 0 0 0.8316929251532175
391 0.48823054239860453 0.5117694576013953 1 0 0.8313021763859733
392 0.6064006864988583 0.39359931350114175 0 1 0.8309116229442772
393 0.41260160997030376 0.587398390029696 1 0 0.830521264730491
394 0.5290796566001571 0.47092034339984323 0 0 0.8301311016470251
395 0.5084169950159118 0.49158300498408813 0 0 0.8297411335963385
396 0.5456038883089599 0.45439611169103966 0 1 0.8293513604809395
397 0.5118131695128845 0.48818683048711575 0 0 0.8289617822033846
398 0.5090014522711324 0.49099854772886786 0 1 0.8285723986662793
399 0.5089663750365174 0.4910336249634825 0 0 0.8281832097722779
400 0.5157397516752278 0.48426024832477227 0 0 0.8277942154240827
401 0.5038619448183855 0.4961380551816144 0 0 0.8274054155244457
402 0.5187157728825417 0.4812842271174577 0 1 0.8270168099761664
403 0.48801837638626766 0.5119816236137322 1 1 0.8266283986820938
404 0.49353351887340596 0.5064664811265944 1 0 0.8262401815451248
405 0.49497311125417087 0.5050268887458291 1 0 0.8258521584682053
406 0.5106326992424398 0.48936730075755996 0 0 0.8254643293543295
407 0.4247828340472578 0.5752171659527427 1 0 0.8250766941065399
408 0.5188624062830746 0.48113759371692594 0 0 0.824689252627928
409 0.42737285371214373 0.5726271462878563 1 1 0.8243020048216333
410 0.5289900787713192 0.4710099212286807 0 0 0.8239149505908439
411 0.5560498258900877 0.44395017410991255 0 1 0.823528089838796
412 0.5080901495480947 0.49190985045190544 0 0 0.8231414224687746
413 0.48211173573733024 0.5178882642626694 1 1 0.822754948384113
414 0.5013900679849534 0.49860993201504655 0 0 0.8223686674881925
415 0.4740098653541656 0.5259901346458346 1 1 0.8219825796844428
416 0.49749771327201886 0.502502286727981 1 0 0.821596684876342
417 0.5015207924793741 0.4984792075206262 0 0 0.8212109829674166
418 0.5025498323388846 0.49745016766111544 0 0 0.8208254738612408
419 0.5135239678561316 0.4864760321438682 0 0 0.8204401574614376
420 0.5527869793427442 0.4472130206572561 0 1 0.8200550336716778
421 0.5024632403369977 0.49753675966300237 0 0 0.8196701023956803
422 0.5038000623583362 0.49619993764166337 0 0 0.8192853635372125
423 0.47864698558729274 0.5213530144127074 1 0 0.8189008170000895
424 0.5013986353305553 0.4986013646694449 0 1 0.8185164626881748
425 0.5004262768256739 0.4995737231743261 0 1 0.8181323005053798
426 0.46350692185962067 0.5364930781403793 1 0 0.817748330355664
427 0.4740038377446891 0.5259961622553107 1 0 0.8173645521430347
428 0.44610319689200245 0.5538968031079979 1 0 0.8169809657715474
429 0.4732406688416686 0.5267593311583313 1 1 0.8165975711453055
430 0.4453883921381701 0.5546116078618298 1 1 0.8162143681684605
431 0.47673967233262576 0.5232603276673745 1 0 0.8158313567452115
432 0.4738458766155917 0.5261541233844079 1 0 0.8154485367798057
433 0.48377803704157163 0.5162219629584285 1 0 0.8150659081765381
434 0.5167982585170319 0.4832017414829684 0 0 0.8146834708397515
435 0.4736103716899368 0.5263896283100633 1 0 0.8143012246738365
436 0.48155871813869594 0.518441281861304 1 1 0.8139191695832316
437 0.48221548015359417 0.5177845198464063 1 0 0.8135373054724233
438 0.5178645207234347 0.4821354792765655 0 0 0.8131556322459452
439 0.5598066334763185 0.4401933665236818 0 0 0.8127741498083791
440 0.384650529149871 0.6153494708501288 1 1 0.8123928580643546
441 0.6161329558379386 0.38386704416206174 0 0 0.8120117569185484
442 0.5591464120695134 0.4408535879304869 0 1 0.8116308462756855
443 0.47952775202435727 0.5204722479756428 1 1 0.8112501260405381
444 0.4714977160557705 0.5285022839442295 1 0 0.8108695961179262
445 0.4739549704055292 0.5260450295944707 1 0 0.8104892564127174
446 0.5275135804798613 0.4724864195201388 0 0 0.8101091068298264
447 0.4551608408068587 0.5448391591931414 1 0 0.8097291472742162
448 0.5794552200414677 0.4205447799585325 0 0 0.8093493776508969
449 0.5972211890403301 0.4027788109596698 0 0 0.8089697978649257
450 0.6794361514880605 0.30218632895791814 0 0 0.8085904078214082
451 0.7236641557061667 0.25796317861632595 0 0 0.8082112074254965
452 0.2666565563986732 0.7333434436013269 1 1 0.8078321965823906
453 0.5952621441908024 0.4047378558091971 0 0 0.8074533751973377
454 0.7079451154669538 0.2920548845330462 0 0 0.8070747431756327
455 0.8691323164914098 0.1308676835085905 0 1 0.8066963004226173
456 0.6102330889877707 0.38976691101222904 0 0 0.8063180468436811
457 0.6770294782921259 0.3229705217078742 0 0 0.8059399823442605
458 0.49187302058591303 0.508126979414087 1 0 0.8055621068298392
459 0.1843695558760477 0.8156304441239521 1 0 0.8051844202059488
460 0.6448379742020511 0.3551620257979491 0 0 0.8048069223781673
461 0.8911100498679025 0.10888995013209773 0 0 0.8044296132521204
462 0.8322425026182165 0.16775749738178344 0 0 0.8040524927334806
463 0.6738542183802108 0.326145781619789 0 0 0.803675560727968
464 0.5626136077540707 0.43738639224592957 0 1 0.8032988171413495
465 0.9106185144053275 0.08938148559467295 0 0 0.8029222618794393
466 0.22222108437586074 0.7777789156241394 1 1 0.8025458948480984
467 0.5194750882084258 0.4805249117915739 0 1 0.802169715953235
468 0.8176049252057057 0.18239507479429412 0 0 0.8017937251008047
469 0.8492701336850141 0.1330419219179993 0 0 0.8014179221968095
470 0.7376889624311661 0.24468942250274994 0 1 0.8010423071472988
471 0.747970400585622 0.21306167713726848 0 1 0.8006668798583688
472 0.5232562242796003 0.4767437757203998 0 0 0.8002916402361626
473 0.7139430275714967 0.2860569724285035 0 0 0.7999165881868704
474 0.6583795842511868 0.34162041574881286 0 0 0.7995417236167291
475 0.6268778961200889 0.37312210387991096 0 0 0.7991670464320229
476 0.6028512649899286 0.3971487350100716 0 0 0.7987925565390819
477 0.9319153613742905 0.06808463862570929 0 1 0.7984182538442841
478 0.45420968702210324 0.5457903129778969 1 1 0.7980441382540535
479 0.6761034730896156 0.2876721082207252 0 1 0.7976702096748615
480 0.6010282392037785 0.39897176079622165 0 0 0.7972964680132258
481 0.6407992768789781 0.35920072312102164 0 0 0.7969229131757108
482 0.42254314363890877 0.577456856361091 1 1 0.7965495450689283
483 0.63562485317059 0.36437514682941 0 0 0.7961763635995357
484 0.7001572653515601 0.2998427346484398 0 1 0.7958033686742381
485 0.6502088845979845 0.3497911154020157 0 0 0.7954305601997864
486 0.6014273519464115 0.39857264805358794 0 1 0.7950579380829786
487 0.5485965683524835 0.4514034316475168 0 0 0.7946855022306593
488 0.5763117084828062 0.4236882915171939 0 1 0.7943132525497194
489 0.5111357480760913 0.488864251923909 0 0 0.7939411889470965
490 0.4361391297614726 0.5246703121492957 1 1 0.7935693113297747
491 0.4850114877855716 0.5149885122144282 1 0 0.7931976196047847
492 0.3951070051343406 0.6048929948656596 1 1 0.7928261136792034
493 0.5804598115943159 0.4195401884056836 0 0 0.7924547934601545
494 0.4223328494330113 0.5375095837818078 1 1 0.7920836588548077
495 0.4906043906780674 0.4895749586510672 0 0 0.7917127097703794
496 0.2930504516363006 0.6277506971997424 1 1 0.7913419461141326
497 0.5521849788615465 0.405885823869919 0 0 0.7909713677933762
498 0.5282450467523528 0.44936962821551807 0 0 0.7906009747154654
499 0.6380877847619673 0.3394327576216118 0 1 0.7902307667878021
500 0.5981511595247562 0.40184884047524355 0 0 0.7898607439178347
501 0.6100099953806305 0.36978450825614206 0 0 0.7894909060130568
502 0.3603455499080942 0.619397359206931 1 0 0.7891212529810094
503 0.7019678853514515 0.2980321146485488 0 0 0.7887517847292792
504 0.7369917960311426 0.2630082039688571 0 0 0.7883825011654988
505 0.8716673037550977 0.128332696244902 0 0 0.7880134021973477
506 0.7847615337016389 0.21523846629836116 0 0 0.7876444877325509
507 0.911159028824341 0.0326156561036635 0 0 0.7872757576788799
508 0.7589157270600129 0.2221120297319642 0 0 0.7869072119441523
509 0.747733007532485 0.23336546713720574 0 1 0.7865388504362313
510 0.8478838715685499 0.15211612843145011 0 1 0.7861706730630269
511 0.6774447829339286 0.32255521706607176 0 0 0.7858026797324945
512 0.7398567633390518 0.26014323666094785 0 0 0.7854348703526359
513 0.7874173359872054 0.17106815541474985 0 0 0.7850672448314988
514 0.8391226285510784 0.07887805642228905 0 0 0.7846998030771766
515 0.930303326267558 0.06969667373244179 0 0 0.784332544997809
516 0.9124467428461344 0.0875532571538655 0 0 0.7839654705015816
517 0.41195790976529967 0.48475042299880006 1 0 0.7835985794967256
518 0.5827793890256835 0.41722061097431673 0 0 0.7832318718915182
519 0.9872672611166649 0.012732738883335393 0 0 0.7828653475942827
520 0.9574878987948884 0.04251210120511173 0 0 0.782499006513388
521 0.5228247340021244 0.4382437842799265 0 1 0.7821328485572486
522 0.9115653801172512 0.08843461988274882 0 0 0.7817668736343252
523 0.5749205061643817 0.40470219520387896 0 1 0.7814010816531239
524 0.7386864333448746 0.26131356665512556 0 1 0.7810354725221971
525 0.48352901815610577 0.4968713116269347 1 0 0.780670046150142
526 0.17086113602321298 0.7544895824244594 1 1 0.7803048024456023
527 0.5302053928975424 0.46979460710245713 0 0 0.7799397413172671
528 0.8325863110539361 0.16741368894606348 0 0 0.7795748626738708
529 0.8583118571337722 0.10670296323471588 0 0 0.7792101664241943
530 0.23590458974077613 0.7452917041721955 1 1 0.7788456524770629
531 0.8097861377715146 0.19021386222848582 0 0 0.7784813207413486
532 0.42372074921306496 0.5762792507869348 1 1 0.7781171711259682
533 0.7388602887836712 0.2611397112163288 0 0 0.7777532035398844
534 0.6724010343399142 0.3275989656600861 0 1 0.7773894178921053
535 0.5016642494391159 0.4983357505608841 0 0 0.7770258140916845
536 0.37737430952207945 0.6044494732147784 1 0 0.7766623920477208
537 0.7177138866252839 0.28228611337471643 0 0 0.776299151669359
538 0.6915952139369914 0.2886184367369266 0 0 0.775936092865789
539 0.7678363619358024 0.23216363806419762 0 0 0.7755732155462459
540 0.8992047553492447 0.06652315414978154 0 0 0.7752105196200105
541 0.4899970087224141 0.5100029912775861 1 0 0.7748480049964088
542 0.23431199019067434 0.7314813022910395 1 0 0.7744856715848121
543 0.9592850500048143 0.04071494999518536 0 0 0.7741235192946371
544 0.9554899492068227 0.04451005079317727 0 0 0.7737615480353457
545 0.6594508744000075 0.34054912559999273 0 1 0.773399757716445
546 0.8335783148738268 0.16642168512617336 0 0 0.7730381482474876
547 0.9293080412912369 0.050225033468382835 0 0 0.7726767195380709
548 0.9534270091878623 0.02614095269650905 0 0 0.772315471497838
549 0.07654978371288618 0.884495626442726 1 1 0.7719544040364766
550 0.8360894462289885 0.1455366973822267 0 0 0.77159351706372
551 0.616008513967505 0.38399148603249483 0 0 0.7712328104893466
552 0.9837050325138702 0.016294967486130234 0 0 0.7708722842231793
553 0.7629715384672322 0.2370284615327679 0 0 0.770511938175087
554 0.819298228403212 0.1807017715967881 0 0 0.7701517722549829
555 0.9510166786698453 0.04898332133015428 0 1 0.7697917863728256
556 0.6818882835409316 0.31811171645906877 0 0 0.7694319804386187
557 0.16692620514485357 0.7966428698162424 1 0 0.7690723543624107
558 0.5505409161961259 0.41277591710645994 0 0 0.768712908054295
559 0.9036910557611264 0.09630894423887343 0 0 0.76835364142441
560 0.9741148830006016 0.02588511699939843 0 0 0.7679945543829392
561 0.2312533898756539 0.7501549477384467 1 1 0.7676356468401107
562 0.7519489691648398 0.24805103083516034 0 0 0.7672769187061976
563 0.9462964273450859 0.05370357265491447 0 0 0.7669183698915178
564 0.8394566675137344 0.1418802111717825 0 0 0.7665600003064346
565 0.9488925177191256 0.051107482280874174 0 0 0.7662018098613548
566 0.7428529387400256 0.2395273599132147 0 0 0.7658437984667313
567 0.9681670978827402 0.01422647467491876 0 0 0.7654859660330613
568 0.9915940004546916 0.008405999545308795 0 0 0.7651283124708864
569 0.8972013823969406 0.1027986176030596 0 0 0.7647708376907933
570 0.5821379651490953 0.3633989092845263 0 1 0.7644135416034135
571 0.7889479267575268 0.21105207324247324 0 0 0.7640564241194228
572 0.732275591663067 0.24978307361751806 0 0 0.7636994851495418
573 0.9484781255264705 0.015051220983292726 0 0 0.7633427246045357
574 0.9130504765425623 0.08694952345743812 0 0 0.7629861423952146
575 0.6922800151944546 0.1632377561662819 0 0 0.7626297384324328
576 0.7532322418816465 0.24676775811835347 0 0 0.7622735126270892
577 0.8581106773284096 0.12461047958063941 0 0 0.7619174648901277
578 0.8131091585472707 0.16966323745236117 0 1 0.7615615951325359
579 0.9148380544140634 0.06794686339469859 0 0 0.7612059032653468
580 0.5773756822308942 0.42262431776910614 0 1 0.760850389199637
581 0.7231023465583725 0.2768976534416275 0 0 0.7604950528465283
582 0.5171984083040931 0.3756065006804878 0 0 0.7601398941171865
583 0.030140497108972458 0.828864194505441 1 0 0.7597849129228219
584 0.9265815960464773 0.039162949297346206 0 0 0.7594301091746893
585 0.7760570822517856 0.22394291774821456 0 0 0.7590754827840877
586 0.9546367546944564 0.027964819978613265 0 0 0.7587210336623604
587 0.9106524518084322 0.08934754819156808 0 0 0.7583667617208953
588 0.9810310350867361 0.018968964913263754 0 0 0.7580126668711242
589 0.9895166928407666 0.010483307159233592 0 0 0.7576587490245236
590 0.11542691140240414 0.7948188658160009 1 1 0.7573050080926139
591 0.6654219262380027 0.3345780737619973 0 0 0.75695144398696
592 0.7226064474734323 0.25995640574215123 0 0 0.7565980566191707
593 0.5360955649527922 0.4298906902652391 0 0 0.7562448459008991
594 0.5941246793069479 0.38839553944810185 0 0 0.7558918117438429
595 0.6420264716460544 0.34132061073688064 0 1 0.7555389540597433
596 0.7155943175491943 0.2677970723950401 0 1 0.7551862727603856
597 0.9013874781158928 0.06386047250146865 0 0 0.7548337677576
598 0.7394791107752523 0.24232903279042273 0 0 0.75448143896326
599 0.11779934144956822 0.8639817122133124 1 1 0.7541292862892833
600 0.9355956791608103 0.06440432083918994 0 0 0.753777309647632
601 0.918795238551216 0.08120476144878364 0 1 0.7534255089503117
602 0.6400817840602694 0.35991821593973106 0 1 0.7530738841093723
603 0.05531287579771396 0.5739156146535068 1 0 0.7527224350369075
604 0.9320708597667362 0.06792914023326385 0 0 0.7523711616450554
605 0.9448705390272018 0.05512946097279775 0 0 0.7520200638459971
606 0.512187684823804 0.48781231517619555 0 1 0.7516691415519585
607 0.3768369857382575 0.6231630142617427 1 1 0.7513183946752089
608 0.3107686786255826 0.6892313213744174 1 1 0.7509678231280615
609 0.7187697454640386 0.2649878599955379 0 1 0.7506174268228738
610 0.8273648912249287 0.17263510877507177 0 0 0.7502672056720464
611 0.8061805320273084 0.19381946797269156 0 0 0.749917159588024
612 0.9192893658238767 0.08071063417612326 0 0 0.7495672884832951
613 0.4631462008410851 0.5368537991589148 1 0 0.7492175922703921
614 0.8176950223540762 0.18230497764592402 0 0 0.7488680708618907
615 0.6481878029556112 0.35181219704438876 0 0 0.7485187241704107
616 0.15703235135543117 0.8429676486445691 1 0 0.7481695521086154
617 0.45609765288294146 0.5439023471170584 1 1 0.7478205545892116
618 0.7546974661309415 0.1940276583297086 0 0 0.7474717315249502
619 0.40275393023592815 0.5972460697640721 1 1 0.7471230828286254
620 0.7658015111682877 0.03912999210169666 0 0 0.7467746084130747
621 0.8807452782390136 0.11925472176098657 0 0 0.7464263081911799
622 0.8224363826969009 0.15819492850079686 0 1 0.7460781820758658
623 0.5899589625983042 0.4100410374016957 0 0 0.7457302299801009
624 0.7635129524506108 0.2364870475493892 0 0 0.745382451816897
625 0.8206250885713866 0.17937491142861348 0 0 0.7450348474993097
626 0.9459171061137593 0.05408289388624049 0 1 0.7446874169404379
627 0.7650473994372743 0.23495260056272563 0 0 0.744340160053424
628 0.7654481613854861 0.19787745842067186 0 0 0.7439930767514537
629 0.9229162733642465 0.07708372663575358 0 0 0.7436461669477562
630 0.8560047221227536 0.10724669839036505 0 0 0.743299430555604
631 0.9064783787125336 0.0935216212874666 0 0 0.742952867488313
632 0.6777438726238637 0.28837885280648046 0 0 0.7426064776592426
633 0.8066792919411755 0.1933207080588248 0 0 0.7422602609817952
634 0.842769251013846 0.1572307489861546 0 1 0.7419142173694167
635 0.40430098002589626 0.5956990199741037 1 0 0.741568346735596
636 0.5672652536170223 0.43273474638297743 0 1 0.7412226489938657
637 0.2491278270733043 0.7508721729266961 1 1 0.7408771240578012
638 0.7566936983190957 0.2245300950607481 0 0 0.7405317718410214
639 0.8063063325036952 0.17495893986399183 0 0 0.740186592257188
640 0.5610385796739973 0.42011979236157954 0 0 0.7398415852200064
641 0.8291455280328297 0.1519636864522489 0 0 0.7394967506432246
642 0.8690915933196564 0.1309084066803439 0 0 0.7391520884406341
643 0.9688727618863477 0.03112723811365199 0 0 0.7388075985260694
644 0.9309696162791976 0.06903038372080289 0 0 0.7384632808134077
645 0.4584356205330151 0.5415643794669851 1 1 0.7381191352165699
646 0.676197264859329 0.32380273514067104 0 0 0.7377751616495195
647 0.9605851336216463 0.03941486637835377 0 1 0.7374313600262631
648 0.9035342116610624 0.09646578833893789 0 0 0.7370877302608503
649 0.8991406576843788 0.08343519921979856 0 0 0.7367442722673737
650 0.9140675338537211 0.08593246614627896 0 0 0.7364009859599686
651 0.6536626464883243 0.3463373535116762 0 0 0.7360578712528136
652 0.815096018762478 0.18490398123752197 0 0 0.7357149280601301
653 0.31991718255450274 0.644895289614852 1 0 0.735372156296182
654 0.983322275192822 0.016677724807178218 0 0 0.7350295558752767
655 0.9612020655627214 0.038797934437278775 0 0 0.7346871267117638
656 0.7743118551544649 0.20765409844100285 0 0 0.7343448687200363
657 0.4972345620103404 0.5027654379896594 1 0 0.7340027818145295
658 0.7421683727132827 0.2578316272867173 0 1 0.7336608659097217
659 0.8160559213215539 0.1662154176806973 0 0 0.7333191209201338
660 0.8543993784193975 0.1456006215806026 0 0 0.7329775467603299
661 0.7945074436121697 0.18992304569809568 0 0 0.7326361433449161
662 0.1800539938770489 0.8199460061229517 1 0 0.7322949105885418
663 0.9909007034211719 0.009099296578828209 0 0 0.7319538484058986
664 0.8061591859840432 0.19384081401595665 0 1 0.7316129567117211
665 0.42914661725732994 0.5708533827426703 1 0 0.7312722354207863
666 0.7286539594686171 0.2541840173887053 0 0 0.730931684447914
667 0.6894619267169829 0.2933619657786632 0 1 0.7305913037079662
668 0.6639310269417187 0.3360689730582812 0 0 0.7302510931158481
669 0.8871324685943297 0.09625793463509424 0 0 0.7299110525865067
670 0.5741386013627026 0.40923502881127216 0 0 0.7295711820349319
671 0.16852672414879846 0.8314732758512017 1 0 0.7292314813761562
672 0.42897371821797675 0.5710262817820233 1 0 0.7288919505252545
673 0.7002579825706063 0.2997420174293933 0 0 0.7285525893973438
674 0.7261348963629384 0.27386510363706146 0 0 0.728213397907584
675 0.8049393949483119 0.19506060505168832 0 0 0.7278743759711773
676 0.9501725063336848 0.030177364045395567 0 0 0.7275355235033681
677 0.955197166950324 0.044802833049675826 0 0 0.7271968404194433
678 0.8683537420873721 0.11201551334783341 0 0 0.7268583266347322
679 0.6218227010510204 0.35833110788636074 0 0 0.7265199820646062
680 0.9330664783175541 0.04709381615470055 0 0 0.7261818066244792
681 0.7815002155602364 0.21849978443976323 0 0 0.7258438002298074
682 0.678596808120808 0.32140319187919214 0 0 0.7255059627960893
683 0.8796865691531832 0.12031343084681734 0 0 0.7251682942388652
684 0.9695822037889256 0.012599610975216653 0 0 0.7248307944737185
685 0.3599927540919368 0.6400072459080627 1 0 0.7244934634162736
686 0.5864207752670018 0.4135792247329984 0 0 0.7241563009821983
687 0.91213966069257 0.07250947873744476 0 0 0.7238193070872015
688 0.972396716165296 0.012272899402944334 0 0 0.7234824816470352
689 0.5658475114968206 0.0018080282624879742 0 0 0.7231458245774928
690 0.9817847821604485 0.018215217839551098 0 0 0.72280933579441
691 0.8273457696229565 0.17265423037704405 0 0 0.7224730152136646
692 0.9820811455512622 0.01791885444873818 0 0 0.7221368627511766
693 0.6213291274837724 0.37867087251622755 0 0 0.7218008783229077
694 0.313615975459275 0.686384024540725 1 1 0.721465061844862
695 0.8652532508449003 0.13474674915509977 0 0 0.7211294132330852
696 0.7866279312928591 0.19675367828144877 0 1 0.7207939324036652
697 0.10673312386032029 0.8932668761396798 1 1 0.7204586192727317
698 0.7128958019987309 0.287104198001269 0 0 0.7201234737564566
699 0.8971436455501837 0.0862147793862859 0 0 0.7197884957710535
700 0.9465792164704829 0.03676648853939767 0 0 0.7194536852327778
701 0.7000448130247621 0.29995518697523815 0 0 0.7191190420579268
702 0.8303092024509382 0.16969079754906127 0 0 0.7187845661628398
703 0.7746679290532282 0.20863984023671933 0 1 0.7184502574638979
704 0.38870602897426876 0.6112939710257312 1 1 0.7181161158775239
705 0.5213065022450234 0.45946218098587804 0 0 0.7177821413201823
706 0.35824308586368353 0.6224879409819928 1 0 0.7174483337083795
707 0.14081908165136273 0.8591809183486373 1 0 0.7171146929586635
708 0.7435163937602525 0.23689457843487194 0 0 0.7167812189876244
709 0.7010832088655733 0.29891679113442665 0 0 0.7164479117118934
710 0.5236183541925078 0.47638164580749237 0 0 0.7161147710481438
711 0.9363911712067083 0.06360882879329215 0 0 0.7157817969130904
712 0.9627016370125788 0.03729836298742089 0 0 0.7154489892234898
713 0.6066925356129663 0.39330746438703384 0 1 0.7151163478961399
714 0.15339183182591112 0.8466081681740898 1 1 0.7147838728478805
715 0.7442337013567977 0.2557662986432023 0 1 0.7144515639955927
716 0.6699395107712809 0.2962982208713669 0 0 0.7141194212561994
717 0.3742248717487261 0.6257751282512737 1 0 0.7137874445466649
718 0.34635345481729074 0.653646545182709 1 1 0.7134556337839949
719 0.7341649378506628 0.24888189881772815 0 0 0.7131239888852369
720 0.7543841320443799 0.22864241870574945 0 0 0.7127925097674795
721 0.7061687406761745 0.2938312593238252 0 0 0.7124611963478531
722 0.7543449384089921 0.22676440426991665 0 0 0.7121300485435291
723 0.6046603651696557 0.3784609675860075 0 0 0.7117990662717207
724 0.5567724423344259 0.40926497794372485 0 1 0.7114682494496825
725 0.783342630622223 0.2166573693777769 0 1 0.7111375979947099
726 0.846132354187243 0.15386764581275708 0 0 0.7108071118241404
727 0.5438233321265546 0.4362305456292987 0 0 0.7104767908553521
728 0.4566986388631317 0.5065329996217212 1 0 0.7101466350057651
729 0.8789495058865477 0.10406735730512909 0 0 0.7098166441928402
730 0.18688562737428563 0.8131143726257142 1 1 0.70948681833408
731 0.6911053053852523 0.29185113034456367 0 1 0.7091571573470277
732 0.7267579528568187 0.25850543982610313 0 0 0.7088276611492681
733 0.7411526687169592 0.24409243954345758 0 0 0.7084983296584272
734 0.39192806448358064 0.5737532270630743 1 1 0.7081691627921721
735 0.8503761717617416 0.14962382823825876 0 0 0.7078401604682113
736 0.6048128129920534 0.39518718700794675 0 0 0.7075113226042938
737 0.49968653088479664 0.5003134691152034 1 0 0.7071826491182106
738 0.21638364202075658 0.7635592072660431 1 0 0.7068541399277931
739 0.618542517032613 0.3814574829673868 0 0 0.7065257949509139
740 0.8799316606265105 0.08655433781363915 0 0 0.706197614105487
741 0.11472549155816898 0.885274508441831 1 1 0.7058695973094669
742 0.9219991510659264 0.07800084893407377 0 0 0.7055417444808496
743 0.6672487947429917 0.3327512052570085 0 0 0.7052140555376718
744 0.9397989848926134 0.04118771300114797 0 0 0.7048865303980113
745 0.899575968246029 0.10042403175397112 0 0 0.7045591689799868
746 0.5188563119746306 0.48114368802536933 0 1 0.704231971201758
747 0.9405714194755581 0.0594285805244422 0 0 0.7039049369815255
748 0.8930990535030513 0.10690094649694852 0 0 0.7035780662375305
749 0.6270703906229365 0.3729296093770637 0 1 0.7032513588880555
750 0.8481550800265926 0.15184491997340743 0 0 0.7029248148514237
751 0.33917682766742785 0.641363579417689 1 0 0.7025984340459989
752 0.5160249537781156 0.2322463052934544 0 0 0.702272216390186
753 0.8824834724714924 0.11751652752850783 0 0 0.7019461618024306
754 0.8821379526172125 0.11786204738278765 0 0 0.7016202702012192
755 0.8438852463417706 0.1561147536582294 0 1 0.7012945415050786
756 0.21372543384888593 0.7862745661511145 1 0 0.7009689756325769
757 0.4576211592615605 0.5423788407384394 1 1 0.7006435725023222
758 0.9013046628317726 0.09869533716822741 0 0 0.7003183320329643
759 0.6167572923557968 0.3832427076442038 0 0 0.6999932541431928
760 0.6447380015597594 0.3552619984402403 0 0 0.6996683387517381
761 0.660115610361466 0.33988438963853373 0 0 0.6993435857773715
762 0.43802079949409733 0.5619792005059028 1 1 0.6990189951389048
763 0.08127147886375471 0.9187285211362455 1 0 0.6986945667551901
764 0.5841655797274945 0.4158344202725058 0 1 0.6983703005451206
765 0.29311988592733695 0.7068801140726633 1 1 0.6980461964276296
766 0.5642273522114835 0.435772647788517 0 1 0.697722254321691
767 0.8814220159775578 0.11857798402244221 0 0 0.6973984741463195
768 0.9206673679027271 0.07933263209727316 0 0 0.6970748558205697
769 0.9274404572124555 0.07255954278754434 0 0 0.6967513992635375
770 0.4737530368260983 0.5262469631739021 1 0 0.6964281043943583
771 0.45529372780759536 0.03365982472482487 0 0 0.6961049711322086
772 0.7476293203546023 0.25237067964539767 0 0 0.695781999396305
773 0.4461162389524099 0.5538837610475897 1 0 0.6954591891059047
774 0.903390366476028 0.09660963352397255 0 0 0.6951365401803049
775 0.665134417669484 0.3348655823305155 0 0 0.6948140525388437
776 0.6232298387111518 0.37677016128884794 0 1 0.6944917261008988
777 0.8088508898483979 0.19114911015160194 0 0 0.6941695607858889
778 0.6101870016875602 0.38981299831244004 0 1 0.6938475565132726
779 0.8750372212957945 0.12496277870420552 0 1 0.6935257132025486
780 0.5247226414832787 0.4752773585167213 0 0 0.6932040307732564
781 0.45011125109391936 0.549888748906081 1 1 0.6928825091449753
782 0.5719306074603678 0.4280693925396323 0 0 0.6925611482373247
783 0.46782340120714294 0.5321765987928571 1 1 0.6922399479699646
784 0.45495147755064697 0.5450485224493532 1 1 0.6919189082625947
785 0.8137371438271217 0.18626285617287824 0 1 0.6915980290349553
786 0.7035745783643934 0.07738729719715631 0 0 0.6912773102068266
787 0.7962711792919798 0.20372882070802037 0 0 0.6909567516980287
788 0.30177337334596366 0.6982266266540361 1 0 0.690636353428422
789 0.8257433456089129 0.17425665439108703 0 0 0.690316115317907
790 0.6312348478086474 0.3687651521913525 0 0 0.6899960372864243
791 0.5902928033777483 0.40970719662225175 0 1 0.6896761192539541
792 0.8188930894652985 0.1811069105347018 0 0 0.6893563611405171
793 0.45856676866519636 0.5414332313348039 1 0 0.6890367628661737
794 0.5544325558335406 0.44556744416645955 0 0 0.6887173243510244
795 0.7559027518286658 0.24409724817133435 0 1 0.6883980455152096
796 0.7185311627491213 0.28146883725087907 0 0 0.6880789262789093
797 0.5000934346697377 0.4819269636164179 0 0 0.687759966562344
798 0.8032668964885366 0.1776205678499443 0 0 0.6874411662857736
799 0.8643955677126605 0.13560443228733937 0 0 0.6871225253694981
800 0.8938151416451053 0.10618485835489483 0 0 0.6868040437338574
801 0.8894217109459317 0.09238236098006909 0 0 0.6864857212992308
802 0.6771592302824991 0.322840769717501 0 0 0.6861675579860379
803 0.6589292001530517 0.3410707998469486 0 0 0.6858495537147378
804 0.5704401752176086 0.39038141576813556 0 0 0.6855317084058294
805 0.4271980175608372 0.5728019824391625 1 1 0.6852140219798515
806 0.5825672437710705 0.40038653207045993 0 1 0.6848964943573823
807 0.605667357905051 0.39433264209494945 0 0 0.6845791254590401
808 0.4765892088384743 0.523410791161526 1 1 0.6842619152054825
809 0.8105174843621019 0.18948251563789814 0 0 0.683944863517407
810 0.8051544933614937 0.19484550663850642 0 0 0.6836279703155507
811 0.779077663118724 0.1848479733626825 0 0 0.6833112355206903
812 0.6843833836649701 0.3156166163350294 0 0 0.6829946590536421
813 0.7994344918973062 0.20056550810269405 0 0 0.6826782408352619
814 0.6889772040368889 0.3110227959631108 0 0 0.6823619807864452
815 0.897609023092675 0.08336538000967415 0 0 0.682045878828127
816 0.42061623181821517 0.5793837681817849 1 1 0.6817299348812819
817 0.7829683292895121 0.19985763022440425 0 0 0.6814141488669236
818 0.5196193811658932 0.4430840936929988 0 1 0.6810985207061059
819 0.8521973859283798 0.14780261407161985 0 0 0.6807830503199217
820 0.885874701655313 0.09774751825118835 0 0 0.6804677376295034
821 0.8384967809688884 0.16150321903111148 0 0 0.6801525825560227
822 0.7806078963067882 0.2193921036932118 0 1 0.679837585020691
823 0.4975775860099701 0.5024224139900302 1 1 0.6795227449447588
824 0.6812283938555057 0.3187716061444946 0 0 0.6792080622495161
825 0.3816915923613451 0.6183084076386548 1 0 0.6788935368562923
826 0.6740728369960083 0.3259271630039917 0 1 0.678579168686456
827 0.5772794621442152 0.386234700781559 0 1 0.678264957661415
828 0.650258557605058 0.3497414423949421 0 0 0.6779509037026168
829 0.22461439907686548 0.7563074243737908 1 1 0.6776370067315478
830 0.5054277814366914 0.4945722185633088 0 1 0.6773232666697337
831 0.4388396322312076 0.5611603677687925 1 0 0.6770096834387397
832 0.7713689002635249 0.2286310997364752 0 0 0.6766962569601696
833 0.628361705275061 0.37163829472493887 0 1 0.6763829871556671
834 0.34104276243571474 0.6589572375642851 1 1 0.6760698739469146
835 0.4019382535296342 0.5980617464703658 1 1 0.675756917255634
836 0.46274338127653386 0.5176659037005295 1 0 0.6754441170035859
837 0.7647724428946149 0.23522755710538495 0 0 0.6751314731125703
838 0.7604570898358598 0.2395429101641401 0 0 0.6748189855044261
839 0.7718759349178985 0.22812406508210176 0 0 0.6745066541010316
840 0.6474346096809516 0.33394324562873845 0 0 0.6741944788243039
841 0.3975707783552088 0.6024292216447913 1 1 0.6738824595961992
842 0.3762594676263117 0.6237405323736883 1 0 0.6735705963387126
843 0.6602956197121678 0.31982188416679774 0 0 0.6732588889738784
844 0.5114624782302604 0.48853752176973964 0 0 0.6729473374237697
845 0.7035267009810796 0.2964732990189204 0 0 0.6726359416104986
846 0.41177273339375103 0.5882272666062487 1 0 0.6723247014562159
847 0.7859886138762134 0.1952582805016835 0 0 0.6720136168831121
848 0.8176400078855526 0.1823599921144472 0 0 0.6717026878134157
849 0.8133321542711143 0.18666784572888628 0 1 0.6713919141693944
850 0.6917079807772516 0.30829201922274824 0 0 0.671081295873355
851 0.43930254747058145 0.5399311944178302 1 0 0.6707708328476427
852 0.5765018323128097 0.42349816768719034 0 0 0.6704605250146418
853 0.7986681010072558 0.1622680321832234 0 0 0.6701503722967755
854 0.4901216765810529 0.5098783234189473 1 0 0.6698403746165054
855 0.4142833579230008 0.5857166420769994 1 1 0.6695305318963323
856 0.6920996387624684 0.28956663468335464 0 0 0.6692208440587953
857 0.5471718478249902 0.43215623979448803 0 1 0.6689113110264727
858 0.22191976675082772 0.7597643048031973 1 1 0.6686019327219809
859 0.3384240603605984 0.6615759396394019 1 1 0.6682927090679757
860 0.4813664688091093 0.5186335311908906 1 0 0.6679836399871507
861 0.5302619974963305 0.4697380025036693 0 0 0.6676747254022392
862 0.6175321412130936 0.38246785878690637 0 0 0.6673659652360121
863 0.36741980134776864 0.6325801986522318 1 0 0.6670573594112795
864 0.9226751316369836 0.07732486836301695 0 0 0.6667489078508901
865 0.7267541271201513 0.2732458728798491 0 0 0.6664406104777307
866 0.6024226716920026 0.39757732830799714 0 0 0.6661324672147273
867 0.9186857222821522 0.08131427771784755 0 0 0.6658244779848439
868 0.6123697643191213 0.3706401832150605 0 1 0.665516642711083
869 0.2037076688243344 0.7962923311756656 1 1 0.6652089613164862
870 0.6796954801449178 0.303315864413389 0 0 0.6649014337241329
871 0.3246839003149878 0.6582987854673565 1 1 0.6645940598571412
872 0.38257309212281354 0.6005684720993889 1 1 0.6642868396386676
873 0.5788933375848373 0.42110666241516276 0 0 0.6639797729919072
874 0.884175558888626 0.1158244411113742 0 0 0.6636728598400933
875 0.6167293902401736 0.3646319745206804 0 0 0.6633661001064974
876 0.9858388246465853 0.014161175353414645 0 0 0.6630594937144298
877 0.7404493606312782 0.2595506393687222 0 1 0.6627530405872389
878 0.23115149130438303 0.7335097251701103 1 1 0.6624467406483112
879 0.6803039658087668 0.31969603419123344 0 0 0.6621405938210719
880 0.5569388340787446 0.4430611659212554 0 1 0.6618346000289843
881 0.4932215563122415 0.5067784436877587 1 0 0.6615287591955499
882 0.7391399734571927 0.2608600265428071 0 0 0.6612230712443085
883 0.4910729431215076 0.5089270568784924 1 0 0.660917536098838
884 0.32976063237311704 0.670239367626883 1 0 0.6606121536827546
885 0.15721962129124847 0.8427803787087511 1 0 0.660306923919713
886 0.8930093811785529 0.10699061882144685 0 0 0.6600018467334055
887 0.9189665131898548 0.08103348681014526 0 0 0.6596969220475628
888 0.7040720875742666 0.2959279124257332 0 0 0.6593921497859538
889 0.349179890395397 0.6508201096046031 1 0 0.6590875298723855
890 0.17225140641352574 0.8277485935864742 1 1 0.6587830622307028
891 0.6662773347931195 0.33372266520688054 0 0 0.6584787467847888
892 0.5040032976955283 0.4959967023044717 0 0 0.6581745834585647
893 0.8920890743641262 0.10791092563587376 0 0 0.6578705721759897
894 0.8592480242452932 0.14075197575470674 0 1 0.6575667128610608
895 0.8166802355830903 0.18331976441690973 0 0 0.6572630054378134
896 0.9007430452361032 0.09925695476389688 0 0 0.6569594498303204
897 0.8973985957969354 0.10260140420306461 0 0 0.6566560459626931
898 0.9123729192340313 0.0876270807659687 0 0 0.6563527937590804
899 0.6986424133159943 0.30135758668400603 0 0 0.6560496931436693
900 0.5541837258640624 0.4458162741359376 0 0 0.6557467440406847
901 0.43552540714608323 0.5644745928539167 1 0 0.6554439463743891
902 0.6097684566623771 0.184686518662515 0 1 0.6551413000690834
903 0.5905104081497299 0.4094895918502699 0 0 0.6548388050491059
904 0.620498192656771 0.3795018073432294 0 1 0.6545364612388327
905 0.7545253218231436 0.22684131290484066 0 0 0.6542342685626781
906 0.40827443240212274 0.5917255675978779 1 1 0.6539322269450936
907 0.3989083685704556 0.6010916314295445 1 1 0.653630336310569
908 0.15862485309184937 0.841375146908151 1 1 0.6533285965836317
909 0.8292632797976262 0.17073672020237368 0 0 0.6530270076888467
910 0.7391136478196286 0.26088635218037176 0 0 0.6527255695508168
911 0.5766701687693347 0.4233298312306654 0 0 0.6524242820941824
912 0.8638823987819251 0.13611760121807515 0 0 0.6521231452436216
913 0.25246433353297565 0.7475356664670242 1 1 0.6518221589238503
914 0.7543562195698452 0.24564378043015503 0 0 0.6515213230596218
915 0.9094758869557983 0.07107107585910698 0 0 0.6512206375757272
916 0.5550555613131561 0.4254740348850666 0 1 0.6509201023969953
917 0.8862785647591795 0.09433820683150408 0 0 0.650619717448292
918 0.7339851852376498 0.2660148147623501 0 0 0.6503194826545211
919 0.16781642042278594 0.8321835795772138 1 1 0.6500193979406241
920 0.5979999457740353 0.4020000542259647 0 0 0.6497194632315797
921 0.6772028161567997 0.3227971838432005 0 1 0.6494196784524042
922 0.9016858144486429 0.08037791143527825 0 0 0.6491200435281514
923 0.901115459980544 0.09888454001945635 0 0 0.6488205583839127
924 0.9077540878303182 0.09224591216968178 0 0 0.6485212229448166
925 0.4209791839909137 0.5790208160090865 1 0 0.6482220371360295
926 0.5930562146197057 0.40694378538029435 0 0 0.6479230008827548
927 0.9112968566325277 0.08870314336747219 0 0 0.6476241141102334
928 0.8050301599741975 0.19496984002580284 0 0 0.6473253767437435
929 0.08729598755567854 0.9127040124443214 1 1 0.647026788708601
930 0.46142562969212214 0.5385743703078779 1 0 0.6467283499301587
931 0.7867463566278127 0.21325364337218744 0 0 0.6464300603338071
932 0.4482763949406277 0.5517236050593727 1 0 0.6461319198449736
933 0.6166999181959812 0.38330008180401914 0 1 0.6458339283891233
934 0.22822822585721245 0.7717717741427879 1 1 0.6455360858917581
935 0.8765982875319182 0.12340171246808179 0 0 0.6452383922784176
936 0.4815376395423352 0.5184623604576649 1 1 0.6449408474746782
937 0.4564590918106715 0.5435409081893281 1 1 0.6446434514061538
938 0.43915934443130933 0.5608406555686909 1 1 0.6443462039984952
939 0.4756085535456193 0.5243914464543807 1 0 0.6440491051773908
940 0.8360099277388726 0.145099597430593 0 0 0.6437521548685657
941 0.6210328575716586 0.37896714242834145 0 0 0.6434553529977826
942 0.7361437288475801 0.2638562711524198 0 0 0.6431586994908406
943 0.4988433006746145 0.5011566993253856 1 1 0.6428621942735768
944 0.32247556661098187 0.6586376364050363 1 1 0.6425658372718644
945 0.3328044663966322 0.6494238113262619 1 1 0.6422696284116146
946 0.7733041669918277 0.22669583300817184 0 0 0.641973567618775
947 0.3438709051998102 0.4316521082399716 1 0 0.6416776548193303
948 0.7700718471866322 0.2106888682634623 0 0 0.6413818899393023
949 0.5768588350770171 0.4231411649229829 0 1 0.6410862729047501
950 0.2781311723436749 0.7218688276563252 1 1 0.640790803641769
951 0.7061716240049204 0.29382837599507966 0 1 0.640495482076492
952 0.40140394756329906 0.5985960524367009 1 0 0.6402003081350885
953 0.7386173096591023 0.2613826903408977 0 0 0.6399052817437653
954 0.8772319759863021 0.122768024013698 0 0 0.6396104028287655
955 0.5078954884642216 0.475036781577853 0 0 0.6393156713163693
956 0.44882172835626366 0.5511782716437367 1 0 0.6390210871328942
957 0.8027742171226147 0.19722578287738543 0 0 0.638726650204694
958 0.3042895302448799 0.6957104697551203 1 1 0.6384323604581593
959 0.37327877595750336 0.6267212240424973 1 0 0.6381382178197178
960 0.8532696993340426 0.14673030066595733 0 0 0.6378442222158338
961 0.281880516187776 0.7181194838122241 1 1 0.6375503735730085
962 0.9156372946056648 0.08436270539433507 0 0 0.6372566718177796
963 0.8094213746274126 0.1905786253725874 0 0 0.6369631168767217
964 0.42951751313515607 0.5515247215049878 1 1 0.636669708676446
965 0.9099449159825382 0.09005508401746189 0 0 0.6363764471436006
966 0.8753105836603164 0.12468941633968388 0 0 0.63608333220487
967 0.8906021603628098 0.10939783963719031 0 0 0.6357903637869756
968 0.880627373850876 0.11937262614912389 0 0 0.6354975418166752
969 0.3664827468559415 0.6335172531440585 1 0 0.6352048662207632
970 0.9369807812689627 0.06301921873103755 0 0 0.6349123369260709
971 0.5168741492799824 0.4831258507200177 0 0 0.6346199538594659
972 0.28470730147392104 0.7152926985260789 1 1 0.6343277169478523
973 0.6395436569311513 0.36045634306884866 0 0 0.634035626118171
974 0.09683802685355285 0.8836236985201277 1 1 0.6337436812973992
975 0.9292678006471635 0.0707321993528361 0 0 0.6334518824125509
976 0.44248428717171645 0.5575157128282837 1 1 0.6331602293906763
977 0.14259250694178383 0.8574074930582163 1 1 0.6328687221588619
978 0.14412702830697766 0.8558729716930225 1 0 0.6325773606442311
979 0.8771084082366822 0.12289159176331799 0 0 0.6322861447739436
980 0.9179230256171301 0.08207697438286983 0 0 0.6319950744751953
981 0.4303259713639076 0.5696740286360923 1 1 0.6317041496752187
982 0.17629465153084004 0.82370534846916 1 1 0.6314133703012824
983 0.2469087217682692 0.7530912782317308 1 0 0.6311227362806918
984 0.4888085008158627 0.5111914991841375 1 0 0.6308322475407883
985 0.3922171873007918 0.5691892346812537 1 1 0.6305419040089496
986 0.47270573414902917 0.5078480146649551 1 0 0.63025170561259
987 0.42136700500726254 0.5590961314863271 1 0 0.6299616522791599
988 0.3080661742617236 0.6919338257382766 1 1 0.6296717439361458
989 0.8336817169019449 0.16631828309805527 0 0 0.6293819805110707
990 0.824349340136891 0.1756506598631086 0 1 0.6290923619314938
991 0.1700074766057305 0.8105221933201424 1 1 0.6288028881250104
992 0.6453711176071135 0.3358971918075953 0 0 0.628513559019252
993 0.28265845382305843 0.7173415461769417 1 0 0.6282243745418864
994 0.6035053635427163 0.37774155886047867 0 1 0.6279353346206175
995 0.22740284499387337 0.7532709377180116 1 0 0.6276464391831852
996 0.8810627462308771 0.11893725376912274 0 0 0.6273576881573657
997 0.372518198988152 0.6274818010118481 1 0 0.6270690814709713
998 0.1453177112923263 0.8546822887076736 1 1 0.6267806190518502
999 0.15393414281885057 0.8460658571811494 1 1 0.6264923008278869
1000 0.8987377427687303 0.10126225723126969 0 0 0.6262041267270018
1001 0.8945028094650102 0.08674294497658279 0 0 0.6259160966771513
1002 0.14135385940582537 0.8586461405941748 1 1 0.6256282106063281
1003 0.36829944537050663 0.6317005546294931 1 0 0.6253404684425605
1004 0.9375906748772598 0.06240932512274057 0 0 0.6250528701139131
1005 0.9397060747675426 0.060293925232457406 0 1 0.624765415548486
1006 0.5709007647717589 0.4290992352282409 0 1 0.624478104674416
1007 0.8706186175707479 0.11201337624876685 0 0 0.6241909374198751
1008 0.4551917709276471 0.5087019485649968 1 1 0.6239039137130715
1009 0.3594429471359956 0.6405570528640047 1 1 0.6236170334822493
1010 0.4488605170407417 0.5511394829592587 1 0 0.6233302966556885
1011 0.8791068293659725 0.12089317063402763 0 0 0.6230437031617049
1012 0.8520101375931128 0.14798986240688689 0 0 0.62275725292865
1013 0.5873499204261784 0.27838094900302135 0 0 0.6224709458849114
1014 0.3747788186521105 0.6252211813478893 1 0 0.6221847819589121
1015 0.5121364712381196 0.48786352876188077 0 0 0.6218987610791114
1016 0.661906927590646 0.3380930724093541 0 0 0.6216128831740039
1017 0.41616758326522324 0.5838324167347768 1 0 0.6213271481721202
1018 0.8282922036889728 0.15232000962088885 0 0 0.6210415560020265
1019 0.25304602069177146 0.7469539793082285 1 1 0.6207561065923247
1020 0.4626385173483288 0.537361482651671 1 0 0.6204707998716527
1021 0.5176306921828924 0.4627546718928976 0 1 0.6201856357686835
1022 0.3032901968117115 0.6772896131540406 1 0 0.6199006142121263
1023 0.3297966237975762 0.6515592917756324 1 1 0.6196157351307255
1024 0.48577410034310137 0.4957282065123638 1 0 0.6193309984532614
1025 0.8749803424187678 0.12501965758123243 0 0 0.6190464041085502
1026 0.8567219350000399 0.14327806499996026 0 0 0.6187619520254427
1027 0.3317635023424948 0.6682364976575055 1 1 0.6184776421328263
1028 0.3837847562506096 0.6162152437493907 1 1 0.6181934743596232
1029 0.3355537812748532 0.6644462187251469 1 1 0.617909448634792
1030 0.17021802496087227 0.8106585968678398 1 1 0.6176255648873256
1031 0.875764646974222 0.10475858945226854 0 0 0.6173418230462535
1032 0.8784680500713852 0.08233642607834564 0 0 0.6170582230406401
1033 0.481217029645382 0.5187829703546181 1 0 0.6167747647995855
1034 0.7615565207940335 0.238443479205967 0 0 0.6164914482522249
1035 0.2020643031543154 0.7795037575723708 1 1 0.6162082733277294
1036 0.7305122216829815 0.26948777831701903 0 0 0.6159252399553051
1037 0.14541438140799934 0.8545856185920006 1 1 0.6156423480641939
1038 0.1325452616920193 0.8674547383079804 1 1 0.6153595975836726
1039 0.1404640415353594 0.8595359584646409 1 0 0.6150769884430536
1040 0.3489325589657336 0.6510674410342665 1 0 0.6147945205716847
1041 0.35184291591334377 0.6481570840866564 1 0 0.6145121938989488
1042 0.5700972035396503 0.4299027964603499 0 1 0.6142300083542643
1043 0.3154222790706195 0.6845777209293807 1 0 0.613947963867085
1044 0.33649923512783486 0.6635007648721652 1 1 0.6136660603668994
1045 0.616773553480613 0.38322644651938736 0 0 0.613384297783232
1046 0.36546195694404415 0.6345380430559558 1 1 0.6131026760456418
1047 0.8339565263013119 0.16604347369868802 0 0 0.6128211950837238
1048 0.8632199463691526 0.13678005363084736 0 0 0.6125398548271073
1049 0.6953328034257323 0.30466719657426766 0 0 0.6122586552054574
1050 0.8991628954973253 0.0815166422044226 0 0 0.6119775961484744
1051 0.3364132433216226 0.6635867566783777 1 0 0.6116966775858933
1052 0.38320899342021575 0.6167910065797846 1 0 0.6114158994474844
1053 0.9539555961751999 0.04604440382480016 0 0 0.6111352616630534
1054 0.41674015062852754 0.5832598493714722 1 1 0.6108547641624407
1055 0.3957014322742822 0.5847845448561556 1 1 0.610574406875522
1056 0.6149253340522881 0.385074665947712 0 0 0.6102941897322078
1057 0.5079277018740557 0.49207229812594433 0 0 0.6100141126624443
1058 0.5127004896011697 0.48729951039883024 0 0 0.6097341755962116
1059 0.6886652478164067 0.31133475218359336 0 0 0.6094543784635258
1060 0.8566371680932781 0.12392857420930793 0 1 0.6091747211944375
1061 0.29257119074621407 0.707428809253786 1 0 0.6088952037190324
1062 0.5136097026908364 0.4668619422057437 0 0 0.6086158259674311
1063 0.5862489170241665 0.39407443350730054 0 0 0.6083365878697893
1064 0.2609464488641009 0.7193285914616651 1 1 0.6080574893562972
1065 0.29129905882669394 0.7087009411733063 1 0 0.6077785303571807
1066 0.9289607986028566 0.07103920139714345 0 0 0.6074997108026994
1067 0.9443042977089084 0.03610568392211853 0 1 0.6072210306231488
1068 0.857470442576382 0.12294527073012362 0 0 0.6069424897488587
1069 0.145795266302299 0.8363599173466257 1 1 0.606664088110194
1070 0.7104809749294615 0.2895190250705384 0 0 0.606385825637554
1071 0.24766972786026464 0.7523302721397352 1 0 0.6061077022613736
1072 0.2665716657558794 0.7134765846664781 1 1 0.6058297179121216
1073 0.38507868907597015 0.6149213109240297 1 0 0.605551872520302
1074 0.898394941925245 0.10160505807475534 0 0 0.6052741660164532
1075 0.24825953140087192 0.7327024391368494 1 0 0.604996598331149
1076 0.41567192444141765 0.5843280755585822 1 1 0.6047191693949973
1077 0.46748917571703635 0.5325108242829639 1 0 0.6044418791386408
1078 0.6850649072429721 0.31493509275702775 0 0 0.6041647274927568
1079 0.47140658624983467 0.5285934137501653 1 1 0.6038877143880578
1080 0.5004065855973844 0.4995934144026159 0 0 0.6036108397552902
1081 0.621611251312092 0.378388748687908 0 0 0.6033341035252354
1082 0.3724195402166128 0.6080354892642671 1 1 0.6030575056287094
1083 0.44214569890970973 0.5578543010902905 1 0 0.6027810459965627
1084 0.2615182440472277 0.7192243392619976 1 0 0.6025047245596803
1085 0.34621416904994984 0.6537858309500505 1 0 0.602228541248982
1086 0.8047604585556811 0.19523954144431854 0 0 0.6019524959954218
1087 0.37695120858933073 0.6230487914106698 1 0 0.6016765887299884
1088 0.3257443309805397 0.6365297258734293 1 1 0.6014008193837053
1089 0.91762274169736 0.08237725830264021 0 0 0.6011251878876297
1090 0.5868889198293734 0.3947867773493091 0 1 0.600849694172854
1091 0.6249998172860344 0.33673437135886175 0 0 0.6005743381705049
1092 0.796179501735131 0.16567632076237154 0 0 0.600299119811743
1093 0.7371495776836463 0.030549721643147735 0 0 0.6000240390277639
1094 0.5528091192900202 0.44719088070997964 0 1 0.5997490957497975
1095 0.6799022876737848 0.320097712326215 0 0 0.5994742899091079
1096 0.40047616978322415 0.5803578359839997 1 0 0.5991996214369936
1097 0.7764023104594209 0.20458063597735307 0 0 0.5989250902647877
1098 0.8501773485930142 0.14982265140698595 0 0 0.598650696323857
1099 0.2484730469779318 0.7515269530220687 1 1 0.5983764395456033
1100 0.8150811800044582 0.1648227717995659 0 1 0.5981023198614623
1101 0.7607121496797067 0.23928785032029318 0 0 0.5978283372029043
1102 0.8837409997165371 0.11625900028346293 0 0 0.5975544915014334
1103 0.31913129857746425 0.6808687014225356 1 0 0.5972807826885881
1104 0.3652727561309586 0.6347272438690414 1 1 0.5970072106959413
1105 0.31083836439013024 0.6891616356098702 1 1 0.5967337754551001
1106 0.7815393710546911 0.218460628945309 0 0 0.5964604768977056
1107 0.4295344062240082 0.5704655937759917 1 1 0.5961873149554333
1108 0.4407995115046596 0.5592004884953405 1 0 0.5959142895599925
1109 0.5031021391621814 0.47851884457896204 0 0 0.5956414006431268
1110 0.6619558763873272 0.3380441236126729 0 1 0.5953686481366142
1111 0.7587358203345795 0.22268109838556913 0 0 0.5950960319722666
1112 0.17438663319202347 0.8256133668079766 1 1 0.5948235520819296
1113 0.8319086209231457 0.12952083098259629 0 0 0.5945512083974837
1114 0.5142201219636241 0.44710818011623243 0 0 0.5942790008508425
1115 0.4612265417365559 0.5387734582634442 1 0 0.5940069293739545
1116 0.6246988784195922 0.37530112158040796 0 0 0.5937349938988016
1117 0.2228910377999817 0.7568109684256903 1 0 0.5934631943574
1118 0.5442050669939497 0.4557949330060503 0 0 0.5931915306817999
1119 0.3339439782175747 0.6660560217824255 1 0 0.5929200028040853
1120 0.40253938871527006 0.5974606112847305 1 0 0.5926486106563742
1121 0.9440245848214541 0.03727310448044129 0 0 0.5923773541708186
1122 0.4908721387649175 0.5091278612350822 1 0 0.5921062332796042
1123 0.9785915847607691 0.021408415239231315 0 0 0.5918352479149512
1124 0.720670245748514 0.26068994671080814 0 0 0.5915643980091128
1125 0.3991450476654277 0.5800183140168427 1 1 0.5912936834943768
1126 0.8133586655100693 0.18664133448993075 0 0 0.5910231043030645
1127 0.36773281245443357 0.6322671875455668 1 1 0.5907526603675312
1128 0.9218870437015761 0.05969341617043961 0 0 0.5904823516201657
1129 0.3429689086077997 0.6570310913922002 1 1 0.5902121779933909
1130 0.7194011304239939 0.2627432049974917 0 0 0.5899421394196634
1131 0.8654925114349736 0.1345074885650261 0 0 0.5896722358314737
1132 0.21542940179572095 0.7666720010757642 1 0 0.5894024671613456
1133 0.9652973225633094 0.03470267743669092 0 0 0.5891328333418372
1134 0.16595163544278954 0.8160391640324302 1 1 0.5888633343055399
1135 0.7095583397860126 0.29044166021398743 0 0 0.588593969985079
1136 0.8404612324272389 0.159538767572761 0 0 0.5883247403131134
1137 0.39725079700531474 0.6027492029946853 1 1 0.5880556452223358
1138 0.5715928273104853 0.42840717268951456 0 0 0.587786684645472
1139 0.22728390546309002 0.7547129741500835 1 1 0.5875178585152825
1140 0.9650763713271523 0.034923628672847984 0 0 0.5872491667645603
1141 0.10529810990085074 0.8947018900991494 1 1 0.5869806093261325
1142 0.9666774524753864 0.033322547524613666 0 0 0.5867121861328599
1143 0.21653953294225514 0.7834604670577446 1 0 0.5864438971176367
1144 0.7614483272974338 0.23855167270256625 0 0 0.5861757422133904
1145 0.19321854522362786 0.8067814547763722 1 0 0.5859077213530826
1146 0.39832551457335424 0.6016744854266459 1 0 0.5856398344697079
1147 0.9436070851809811 0.036789558018953075 0 0 0.5853720814962946
1148 0.2921876724473806 0.7078123275526195 1 0 0.5851044623659044
1149 0.5464994774573569 0.45350052254264306 0 0 0.5848369770116327
1150 0.6672345328293594 0.33276546717064126 0 0 0.584569625366608
1151 0.49891024337212153 0.5010897566278786 1 0 0.5843024073639923
1152 0.29901477637470614 0.7009852236252938 1 0 0.5840353229369813
1153 0.30733422769080515 0.6729305468227563 1 0 0.5837683720188038
1154 0.7379567160049302 0.24333626887593982 0 0 0.5835015545427222
1155 0.9527575445228886 0.04724245547711143 0 0 0.5832348704420319
1156 0.7347097858574722 0.26529021414252807 0 1 0.5829683196500621
1157 0.49871031907052177 0.5012896809294783 1 0 0.5827019021001749
1158 0.9711385607154284 0.012701998783931986 0 0 0.5824356177257659
1159 0.12599582190961367 0.8740041780903863 1 1 0.5821694664602642
1160 0.2767064009526252 0.7232935990473749 1 1 0.5819034482371319
1161 0.33984766821638024 0.6601523317836199 1 1 0.5816375629898645
1162 0.8680359437904523 0.13196405620954726 0 0 0.5813718106519905
1163 0.5334477279959762 0.4665522720040236 0 0 0.581106191157072
1164 0.3146157295939856 0.6853842704060145 1 0 0.5808407044387041
1165 0.4137159416975482 0.5862840583024519 1 0 0.5805753504305149
1166 0.6851733977809972 0.29637223042355765 0 0 0.5803101290661662
1167 0.8110572142109488 0.18894278578905102 0 0 0.5800450402793526
1168 0.13204532704400707 0.8679546729559932 1 1 0.5797800840038017
1169 0.5186288571467662 0.481371142853234 0 1 0.5795152601732745
1170 0.4063496729811543 0.5936503270188455 1 0 0.5792505687215652
1171 0.5181678594221923 0.48183214057780804 0 0 0.5789860095825009
1172 0.6627473534138846 0.33725264658611526 0 0 0.5787215826899417
1173 0.9316849155561137 0.06831508444388644 0 0 0.5784572879777808
1174 0.41150792346041365 0.5884920765395865 1 1 0.5781931253799448
1175 0.3380313835854225 0.6619686164145774 1 0 0.5779290948303928
1176 0.6112254505749394 0.06585516384891242 0 0 0.5776651962631173
1177 0.9627448893050401 0.037255110694959855 0 0 0.5774014296121437
1178 0.9087099198753537 0.09129008012464612 0 0 0.5771377948115302
1179 0.5416051813156122 0.4583948186843883 0 1 0.5768742917953681
1180 0.9582237888420908 0.04177621115790928 0 0 0.5766109204977817
1181 0.3438426772175879 0.656157322782412 1 0 0.5763476808529281
1182 0.386596109325042 0.5953771713285394 1 1 0.5760845727949976
1183 0.3785669679723814 0.6214330320276188 1 0 0.575821596258213
1184 0.8326979796607497 0.16730202033925015 0 0 0.5755587511768302
1185 0.33142503267188683 0.6685749673281134 1 0 0.5752960374851378
0.4665152146750129
0.5653678347019214
0.6482525237599215
0.467  0.000
0.565  0.000
0.648  0.000
