0
0 0.0 0.0 0 0 1.0
1 0.0 0.0 0 0 0.9995251187302109
2 1.000000000000001 0.0 0 1 0.9990504748417063
3 1.000000000000001 0.0 0 1 0.9985760682158253
4 0.6073175976016083 0.3926824023983913 0 0 0.9981018987339664
5 0.6622325958367309 0.3377674041632688 0 1 0.9976279662775871
6 0.39634667577279975 0.6036533242272002 1 0 0.9971542707282044
7 0.4643788677882702 0.5356211322117304 1 1 0.9966808119673941
8 0.4020826686282347 0.5979173313717658 1 0 0.9962075898767919
9 0.4507980201213486 0.5492019798786514 1 0 0.995734604338092
10 0.35852218780388323 0.3725985466245386 1 0 0.9952618552330482
11 0.7240805704571963 0.27591942954280324 0 0 0.9947893424434732
12 0.747969190337729 0.25203080966227 0 0 0.9943170658512385
13 0.7611475447382682 0.23885245526173263 0 0 0.9938450253382753
14 0.3569971706028801 0.6430028293971207 1 0 0.9933732207865733
15 0.6972034346835562 0.30279656531644444 0 0 0.9929016520781815
16 0.7088322947833161 0.2911677052166838 0 0 0.9924303190952076
17 0.7195992591627715 0.2804007408372279 0 0 0.9919592217198184
18 0.6008623301619718 0.3991376698380282 0 0 0.9914883598342394
19 0.7217439608342556 0.2782560391657452 0 0 0.9910177333207555
20 0.5704133549061513 0.42958664509384803 0 1 0.9905473420617097
21 0.9203072392664883 0.0796927607335123 0 0 0.9900771859395043
22 0.3472708108999108 0.65272918910009 1 0 0.9896072648366003
23 0.7020944767277123 0.29790552327228836 0 0 0.9891375786355174
24 0.8143117979527271 0.18568820204727401 0 0 0.988668127218834
25 0.639913265453442 0.3600867345465583 0 1 0.9881989104691874
26 0.2972043473140755 0.7027956526859246 1 1 0.9877299282692732
27 0.9842447177397506 0.015755282260249488 0 0 0.987261180501846
28 0.9853186839612789 0.014681316038720752 0 0 0.9867926670497188
29 0.7870020499533232 0.21299795004667743 0 0 0.9863243877957633
30 0.5989698636546038 0.4010301363453959 0 0 0.9858563426229096
31 0.9856834081038662 0.014316591896134488 0 1 0.9853885314141463
32 0.06356623646396205 0.9364337635360374 1 0 0.9849209540525209
33 0.81210748570352 0.17052078107056665 0 0 0.9844536104211388
34 0.6123708711320979 0.3355880001455932 0 1 0.9839865004031642
35 0.4977595867783482 0.4509298111192836 0 1 0.9835196238818196
36 0.06244447439820516 0.8881816086957579 1 1 0.9830529807403857
37 0.8700274508919786 0.12997254910802178 0 0 0.9825865708622019
38 0.9597860033611899 0.040213996638810104 0 0 0.9821203941306657
39 0.9611421503057441 0.03885784969425526 0 0 0.9816544504292329
40 0.3429765550021927 0.6570234449978075 1 0 0.9811887396414175
41 0.2054299111995219 0.7945700888004786 1 0 0.9807232616507919
42 0.9536606775752056 0.04633932242479479 0 1 0.9802580163409866
43 0.051836426798737054 0.9481635732012628 1 1 0.9797930035956902
44 0.5257082113651815 0.47429178863481913 0 0 0.9793282232986495
45 0.9385958425523172 0.06140415744768246 0 1 0.9788636753336696
46 0.663900005884982 0.3360999941150186 0 1 0.9783993595846132
47 0.48240009032725306 0.517599909672747 1 0 0.9779352759354016
48 0.6328662559231201 0.3671337440768799 0 0 0.9774714242700139
49 0.6578946574453436 0.34210534255465663 0 0 0.977007804472487
50 0.708031392311137 0.29196860768886296 0 1 0.976544416426916
51 0.5805865419607503 0.4194134580392498 0 0 0.976081260017454
52 0.6438106644780242 0.3561893355219757 0 0 0.9756183351283119
53 0.7679985703426512 0.23200142965734874 0 1 0.9751556416437582
54 0.5266713208424245 0.47332867915757526 0 0 0.97469317944812
55 0.5963151895390167 0.4036848104609828 0 0 0.9742309484257813
56 0.33810074062674284 0.661899259373257 1 1 0.9737689484611846
57 0.6350002590770888 0.36499974092291126 0 1 0.9733071794388298
58 0.432667736483473 0.567332263516527 1 0 0.9728456412432746
59 0.4110475761221681 0.588952423877832 1 1 0.9723843337591346
60 0.5034672864808868 0.49653271351911366 0 0 0.9719232568710827
61 0.5325508783504724 0.4674491216495277 0 0 0.97146241046385
62 0.6213986677941039 0.3786013322058961 0 0 0.9710017944222247
63 0.6575052191355403 0.3424947808644595 0 1 0.9705414086310526
64 0.32890725574682583 0.671092744253174 1 1 0.9700812529752377
65 0.5296377314203474 0.47036226857965263 0 0 0.9696213273397407
66 0.6349155390413296 0.3650844609586698 0 0 0.9691616316095805
67 0.9129437284411054 0.08705627155889467 0 0 0.9687021656698327
68 0.7713466130151316 0.22865338698486806 0 0 0.9682429294056313
69 0.7686778480494308 0.23132215195056957 0 0 0.967783922702167
70 0.9617124561337698 0.03828754386623064 0 0 0.9673251454446882
71 0.8916845897698105 0.10831541023018938 0 1 0.9668665975185005
72 0.8822628850200617 0.11773711497993862 0 0 0.966408278808967
73 0.8434855120906832 0.15651448790931652 0 0 0.9659501892015078
74 0.5170388100030052 0.48296118999699517 0 0 0.9654923285816008
75 0.06431685186870781 0.935683148131292 1 1 0.9650346968347807
76 0.9423306889690833 0.05766931103091616 0 0 0.9645772938466396
77 0.9302790576513392 0.06972094234866066 0 0 0.9641201195028267
78 0.9226820262635678 0.07731797373643241 0 0 0.9636631736890484
79 0.971724393355915 0.0282756066440847 0 0 0.9632064562910683
80 0.9722055945672257 0.027794405432774894 0 0 0.9627499671947071
81 0.5702799074981981 0.42972009250180143 0 0 0.9622937062858423
82 0.08151569479770979 0.91848430520229 1 0 0.9618376734504089
83 0.8700126202683386 0.1299873797316619 0 0 0.9613818685743987
84 0.01510042078256919 0.9848995792174304 1 1 0.9609262915438603
85 0.8363747999122508 0.1636252000877494 0 1 0.9604709422448996
86 0.9096475900786266 0.09035240992137329 0 0 0.9600158205636791
87 0.9450765070971837 0.05492349290281618 0 0 0.9595609263864187
88 0.9628204448610177 0.037179555138982745 0 0 0.9591062595993943
89 0.9644940555917714 0.03550594440822896 0 0 0.9586518200889397
90 0.6036222277217986 0.39637777227820153 0 1 0.9581976077414449
91 0.9503856800986464 0.04961431990135363 0 0 0.9577436224433568
92 0.6458299571631047 0.3541700428368953 0 0 0.957289864081179
93 0.7037485728437672 0.2962514271562331 0 1 0.9568363325414718
94 0.7666551402620341 0.23334485973796612 0 1 0.9563830277108525
95 0.6650217501810275 0.3349782498189721 0 0 0.9559299494759951
96 0.885784916919639 0.11421508308036106 0 0 0.9554770977236295
97 0.8822406576418387 0.11775934235816163 0 0 0.9550244723405431
98 0.9305957730956708 0.06940422690432915 0 1 0.9545720732135796
99 0.28085736415035756 0.7191426358496422 1 1 0.9541199002296391
100 0.16111033021390336 0.8388896697860966 1 0 0.9536679532756783
101 0.6150341630840228 0.3849658369159774 0 0 0.9532162322387105
102 0.7427198239558963 0.2572801760441034 0 0 0.9527647370058057
103 0.8990215924717437 0.10097840752825592 0 0 0.9523134674640896
104 0.7953549118771565 0.20464508812284352 0 1 0.951862423500745
105 0.6874239143133317 0.31257608568666884 0 1 0.9514116050030111
106 0.742483289949437 0.25751671005056237 0 1 0.9509610118581833
107 0.45861945020040146 0.5413805497995986 1 0 0.950510643953613
108 0.6673418627789414 0.33265813722105897 0 0 0.9500605011767084
109 0.7178452009403705 0.28215479905962954 0 0 0.9496105834149338
110 0.7628431533245517 0.2371568466754482 0 0 0.9491608905558097
111 0.7651030899724633 0.23489691002753693 0 0 0.948711422486913
112 0.8348970220715619 0.16510297792843803 0 0 0.9482621790958765
113 0.7628731098395527 0.23712689016044747 0 0 0.9478131602703894
114 0.9537965710614464 0.046203428938553594 0 0 0.9473643658981972
115 0.9347068172157099 0.06529318278429021 0 0 0.9469157958671011
116 0.04368521479569428 0.9563147852043057 1 1 0.9464674500649586
117 0.7467283682126371 0.2532716317873625 0 0 0.9460193283796833
118 0.9908324046724871 0.009167595327513081 0 0 0.9455714306992448
119 0.9035554968166305 0.09644450318336939 0 1 0.9451237569116685
120 0.9017069254169634 0.09829307458303688 0 0 0.9446763069050362
121 0.9269713278232283 0.07302867217677184 0 1 0.9442290805674853
122 0.7637448830092752 0.23625511699072488 0 0 0.9437820777872092
123 0.8731246242843445 0.12687537571565563 0 0 0.9433352984524572
124 0.8297723926023232 0.17022760739767692 0 1 0.9428887424515344
125 0.7261384893557167 0.27386151064428355 0 0 0.942442409672802
126 0.6957723387370418 0.30422766126295775 0 0 0.9419963000046766
127 0.8632290255658475 0.13677097443415318 0 0 0.9415504133356308
128 0.9025015685325807 0.0974984314674191 0 1 0.941104749554193
129 0.785930408709718 0.21406959129028186 0 0 0.9406593085489473
130 0.7523365131215254 0.2476634868784749 0 0 0.9402140902085333
131 0.8429818825462259 0.12420587524287292 0 0 0.9397690944216465
132 0.903253272407679 0.09674672759232097 0 1 0.9393243210770379
133 0.7418211360905377 0.25817886390946254 0 1 0.9388797700635142
134 0.596516215022624 0.40348378497737586 0 1 0.9384354412699377
135 0.4700440468199032 0.5299559531800963 1 1 0.9379913345852261
136 0.5678983635594147 0.4321016364405854 0 0 0.9375474498983528
137 0.5895698330693299 0.41043016693067014 0 0 0.9371037870983466
138 0.5898526792689781 0.41014732073102134 0 0 0.9366603460742918
139 0.6319511147947817 0.36804888520521806 0 1 0.9362171267153282
140 0.5606239945428492 0.43937600545715105 0 1 0.9357741289106508
141 0.52117123581243 0.47882876418756976 0 0 0.9353313525495103
142 0.5036064693480112 0.4963935306519886 0 1 0.9348887975212126
143 0.4996940961026655 0.500305903897334 1 0 0.9344464637151187
144 0.4528172686464959 0.5471827313535046 1 0 0.9340043510206455
145 0.5349301063449298 0.4650698936550701 0 0 0.9335624593272646
146 0.5520717702742198 0.44792822972578 0 0 0.9331207885245031
147 0.5659018350123012 0.43409816498769904 0 0 0.9326793385019433
148 0.5793432940706134 0.4206567059293867 0 0 0.9322381091492229
149 0.6647300137788269 0.33526998622117316 0 0 0.9317971003560342
150 0.45628000186534984 0.5437199981346497 1 1 0.9313563120121252
151 0.6849095877967892 0.31509041220321093 0 0 0.9309157440072989
152 0.3459901573161893 0.654009842683811 1 0 0.9304753962314132
153 0.7013454412765567 0.2986545587234432 0 0 0.930035268574381
154 0.7296918081822764 0.2703081918177241 0 1 0.9295953609261706
155 0.6382367989087013 0.36176320109129845 0 1 0.929155673176805
156 0.5321802392884515 0.46781976071154824 0 1 0.9287162052163623
157 0.4654441549623515 0.5345558450376484 1 1 0.9282769569349755
158 0.5011195793662196 0.49888042063378035 0 1 0.9278379282228324
159 0.48604491753028395 0.513955082469716 1 1 0.9273991189701761
160 0.4667543902132112 0.5332456097867894 1 0 0.926960529067304
161 0.4678627566196265 0.5321372433803733 1 0 0.9265221584045688
162 0.4827882797477 0.5172117202522998 1 0 0.9260840068723777
163 0.40515633100028203 0.5948436689997177 1 1 0.9256460743611928
164 0.48522346600284466 0.5147765339971556 1 0 0.9252083607615312
165 0.45669294309008784 0.5433070569099124 1 1 0.9247708659639643
166 0.4690024272264561 0.5309975727735435 1 1 0.9243335898591184
167 0.46059589727039235 0.5394041027296076 1 0 0.9238965323376747
168 0.42066017331836253 0.5793398266816377 1 0 0.9234596932903685
169 0.47242301650429797 0.5275769834957021 1 0 0.9230230726079901
170 0.47151693817318685 0.5284830618268133 1 0 0.9225866701813845
171 0.495580129925683 0.504419870074317 1 0 0.9221504859014509
172 0.5084774466827878 0.4915225533172125 0 0 0.9217145196591434
173 0.48638189758365974 0.5136181024163403 1 1 0.9212787713454703
174 0.49564145980627033 0.5043585401937298 1 0 0.9208432408514946
175 0.4954529958237235 0.5045470041762766 1 0 0.9204079280683337
176 0.511681575493146 0.4883184245068543 0 0 0.9199728328871594
177 0.5126086713664124 0.4873913286335877 0 0 0.9195379551991977
178 0.5245855721123635 0.47541442788763644 0 0 0.9191032948957294
179 0.3736647308410021 0.6263352691589978 1 1 0.9186688518680893
180 0.557476368645337 0.4425236313546634 0 0 0.9182346260076668
181 0.5840684974786419 0.41593150252135774 0 0 0.9178006172059052
182 0.6154554877070203 0.38454451229298003 0 0 0.9173668253543025
183 0.5144493890065538 0.4855506109934458 0 0 0.9169332503444106
184 0.7581102445770381 0.241889755422962 0 1 0.9164998920678359
185 0.5776651967307713 0.4223348032692286 0 0 0.9160667504162386
186 0.6224928075744711 0.37750719242552877 0 0 0.9156338252813335
187 0.6190435742214694 0.3809564257785308 0 0 0.9152011165548892
188 0.6991910652738628 0.3008089347261373 0 0 0.9147686241287286
189 0.8148692968592601 0.18513070314073984 0 0 0.9143363478947285
190 0.8872385445721527 0.11276145542784727 0 0 0.9139042877448198
191 0.9390258692705201 0.06097413072947926 0 0 0.9134724435709877
192 0.9447455807562725 0.05525441924372766 0 1 0.9130408152652709
193 0.7497667850775085 0.25023321492249184 0 1 0.9126094027197623
194 0.6114509617386423 0.3885490382613579 0 0 0.912178205826609
195 0.6760216634772902 0.3239783365227095 0 0 0.9117472244780116
196 0.7003712751186881 0.2996287248813119 0 1 0.9113164585662249
197 0.5922831953097316 0.40771680469026844 0 0 0.9108859079835573
198 0.645174856750894 0.3548251432491063 0 0 0.9104555726223711
199 0.6805844672656192 0.319415532734381 0 0 0.9100254523750826
200 0.7840526781321394 0.21594732186786064 0 0 0.9095955471341616
201 0.09267902215720714 0.9073209778427925 1 1 0.9091658567921319
202 0.8763459456480096 0.1236540543519909 0 0 0.908736381241571
203 0.8582642932998187 0.141735706700181 0 0 0.9083071203751096
204 0.8542112568181986 0.14578874318180138 0 0 0.907878074085433
205 0.9398860540882937 0.06011394591170655 0 0 0.9074492422652793
206 0.9511708317385669 0.04882916826143363 0 0 0.9070206248074407
207 0.015328585053235439 0.9846714149467649 1 1 0.9065922216047627
208 0.9096560850998695 0.09034391490013041 0 1 0.9061640325501444
209 0.8304834309378138 0.16951656906218618 0 0 0.905736057536539
210 0.8746835328826859 0.1253164671173141 0 0 0.9053082964569523
211 0.8607593700694718 0.139240629930528 0 0 0.9048807492044442
212 0.8997469432756383 0.1002530567243615 0 0 0.9044534156721279
213 0.06999286198362376 0.9300071380163761 1 0 0.9040262957531698
214 0.9480368009856884 0.05196319901431163 0 0 0.9035993893407902
215 0.6047059125559706 0.39529408744402916 0 0 0.9031726963282625
216 0.8977998082445328 0.10220019175546732 0 0 0.9027462166089132
217 0.8425461535461063 0.15745384645389354 0 0 0.9023199500761224
218 0.9551655028872176 0.04483449711278278 0 0 0.9018938966233236
219 0.9513299574496185 0.04867004255038188 0 0 0.9014680561440035
220 0.9325400171773658 0.06745998282263378 0 1 0.9010424285317018
221 0.9349218869468721 0.06507811305312831 0 0 0.9006170136800117
222 0.9087555833536953 0.09124441664630475 0 1 0.9001918114825794
223 0.5791086266700425 0.42089137332995713 0 0 0.8997668218331044
224 0.8887668802458348 0.11123311975416532 0 0 0.8993420446253394
225 0.9046945224746654 0.09530547752533479 0 1 0.8989174797530899
226 0.8612522535593683 0.13874774644063165 0 0 0.8984931271102148
227 0.8520368429812398 0.14796315701876006 0 0 0.8980689865906258
228 0.8968875000808825 0.10311249991911783 0 0 0.8976450580882879
229 0.9368925217408414 0.06310747825915847 0 0 0.897221341497219
230 0.8925892192721487 0.10741078072785118 0 0 0.8967978367114897
231 0.8930642867137001 0.1069357132863001 0 0 0.8963745436252242
232 0.9414932461654695 0.05850675383453106 0 0 0.895951462132599
233 0.8838538772947736 0.1161461227052262 0 0 0.8955285921278436
234 0.04367096217769247 0.9563290378223076 1 1 0.8951059335052408
235 0.6296151485194917 0.3703848514805079 0 1 0.8946834861591256
236 0.1875337625776715 0.8124662374223286 1 1 0.8942612499838865
237 0.9365616769581844 0.06343832304181564 0 0 0.8938392248739643
238 0.9426965606758247 0.05730343932417498 0 0 0.8934174107238526
239 0.9472325598167766 0.05276744018322345 0 0 0.8929958074280979
240 0.9679289853193144 0.032071014680685524 0 0 0.8925744148812996
241 0.9510268872740518 0.048973112725948245 0 0 0.8921532329781094
242 0.9329623762999194 0.06703762370008085 0 1 0.8917322616132318
243 0.9067789754360528 0.09322102456394729 0 0 0.891311500681424
244 0.9309286484125079 0.06907135158749225 0 0 0.8908909500774957
245 0.9552551392488987 0.04474486075110147 0 0 0.8904706096963094
246 0.9550205234385687 0.04497947656143172 0 0 0.8900504794327798
247 0.9064388453061715 0.09356115469382902 0 0 0.8896305591818745
248 0.949646297039223 0.050353702960777236 0 0 0.8892108488386133
249 0.018756747161454305 0.9812432528385456 1 1 0.8887913482980688
250 0.8887203590896411 0.11127964091035875 0 0 0.8883720574553657
251 0.9682298954741729 0.03177010452582671 0 0 0.8879529762056811
252 0.9195185694713066 0.08048143052869317 0 0 0.8875341044442453
253 0.5838891918567783 0.41611080814322193 0 0 0.8871154420663397
254 0.8268251438670078 0.1731748561329922 0 0 0.8866969889672991
255 0.97467978534048 0.025320214659519766 0 0 0.8862787450425101
256 0.9084183449451428 0.09158165505485749 0 1 0.8858607101874116
257 0.8783228509517698 0.12167714904823028 0 0 0.8854428842974952
258 0.8787296258586655 0.12127037414133439 0 0 0.885025267268304
259 0.9535519787052472 0.04644802129475291 0 0 0.8846078589954341
260 0.8942496682160241 0.10575033178397551 0 1 0.8841906593745332
261 0.9355750878243027 0.06442491217569744 0 0 0.8837736683013016
262 0.9228180350877802 0.07718196491221929 0 0 0.8833568856714914
263 0.9481413538322818 0.051858646167718396 0 0 0.8829403113809069
264 0.05881047051581353 0.9411895294841861 1 1 0.8825239453254046
265 0.767002897609718 0.23299710239028204 0 0 0.882107787400893
266 0.9060245289909563 0.09397547100904384 0 1 0.8816918375033326
267 0.8810724476147433 0.11892755238525671 0 0 0.8812760955287358
268 0.8971649646679078 0.10283503533209236 0 1 0.8808605613731673
269 0.7940361065749001 0.20596389342510027 0 1 0.8804452349327435
270 0.8332155396865728 0.13295492936692543 0 0 0.8800301161036327
271 0.8012404399190922 0.16490420445984297 0 1 0.8796152047820552
272 0.7815110443464061 0.16818230226796374 0 0 0.8792005008642834
273 0.8236058697662225 0.14201164256385496 0 0 0.878786004246641
274 0.8111041742279722 0.188895825772028 0 1 0.8783717148255039
275 0.8233359593751961 0.1591940670742916 0 0 0.8779576324973
276 0.8305155984746987 0.15199292471639775 0 0 0.8775437571585084
277 0.7681158941734856 0.1461460582231033 0 0 0.8771300887056604
278 0.1199609863320755 0.7942165884572232 1 0 0.8767166270353389
279 0.8753718979635707 0.12462810203642935 0 0 0.8763033720441786
280 0.8177741182635156 0.18222588173648446 0 0 0.8758903236288655
281 0.454393658922917 0.5456063410770833 1 1 0.8754774816861377
282 0.8215109922524383 0.17848900774756182 0 1 0.8750648461127845
283 0.83085436403271 0.16914563596728985 0 0 0.8746524168056472
284 0.8376760218647846 0.16232397813521499 0 0 0.8742401936616183
285 0.8732340132942299 0.12676598670577074 0 0 0.8738281765776422
286 0.7686471260240421 0.23135287397595747 0 1 0.8734163654507144
287 0.8492622457037715 0.1507377542962285 0 0 0.8730047601778824
288 0.7530925080856067 0.14331264643388292 0 0 0.8725933606562447
289 0.8246175071639579 0.15882134962251898 0 0 0.8721821667829516
290 0.7124239225647621 0.2710149873112323 0 0 0.8717711784552042
291 0.04870846565686688 0.8480879258141761 1 1 0.8713603955702558
292 0.8247662877883675 0.17523371221163264 0 0 0.8709498180254107
293 0.8163950160008119 0.1836049839991883 0 0 0.8705394457180242
294 0.7321958801173865 0.26780411988261404 0 0 0.8701292785455035
0.43856897124417704
0.4969459670591151
0.549498554733218
0.439 ¡À 0.000
0.497 ¡À 0.000
0.549 ¡À 0.000
