0
0 0.0 0.0 0 1 1.0
1 0.0 0.0 0 0 0.9995251187302109
2 1.000000000000001 0.0 0 1 0.9990504748417063
3 1.000000000000001 0.0 0 0 0.9985760682158253
4 1.000000000000001 0.0 0 0 0.9981018987339664
5 1.000000000000001 0.0 0 1 0.9976279662775871
6 0.007350255015181636 0.9926497449848182 1 1 0.9971542707282044
7 0.8308835378561447 0.16911646214385476 0 1 0.9966808119673941
8 0.8331535835384876 0.16684641646151321 0 0 0.9962075898767919
9 7.090785507349727e-08 0.9999999290921457 1 1 0.995734604338092
10 0.9999999934161551 6.583844528927978e-09 0 0 0.9952618552330482
11 0.05550753599055774 0.9444924640094419 1 0 0.9947893424434732
12 0.8649896012910427 0.1350103987089579 0 1 0.9943170658512385
13 0.9999999999849983 1.5000812126587908e-11 0 0 0.9938450253382753
14 0.06809460079380684 0.9319053992061946 1 1 0.9933732207865733
15 0.9999999982917738 1.7082270638170797e-09 0 0 0.9929016520781815
16 0.9699899101166128 0.030010089883387683 0 0 0.9924303190952076
17 0.6551606207282019 0.34483937927179814 0 1 0.9919592217198184
18 0.808755525114368 0.19124447488563295 0 1 0.9914883598342394
19 0.02016124551021278 0.9798387544897862 1 1 0.9910177333207555
20 0.5282743931551774 0.47172560684482306 0 0 0.9905473420617097
21 0.07636660226266781 0.9236333977373323 1 0 0.9900771859395043
22 0.6092491723617307 0.3907508276382677 0 0 0.9896072648366003
23 0.38594747766939436 0.6140525223306065 1 0 0.9891375786355174
24 0.9518866302931946 0.04811336970680545 0 0 0.988668127218834
25 0.07901632417483924 0.9209836758251607 1 1 0.9881989104691874
26 0.12668756576159637 0.8733124342384044 1 1 0.9877299282692732
27 0.9313290911135909 0.0686709088864087 0 0 0.987261180501846
28 0.2094568708444436 0.7905431291555567 1 0 0.9867926670497188
29 0.9863984700466008 0.01360152995339934 0 0 0.9863243877957633
30 0.9864043535920578 0.013595646407941494 0 0 0.9858563426229096
31 0.0224966268741353 0.9775033731258642 1 1 0.9853885314141463
32 0.9789175060358438 0.021082493964156623 0 0 0.9849209540525209
33 0.4731399935305575 0.5268600064694426 1 0 0.9844536104211388
34 0.34213879795704527 0.6578612020429553 1 0 0.9839865004031642
35 0.0689774960093402 0.9310225039906599 1 1 0.9835196238818196
36 0.9511476339806217 0.048852366019378486 0 0 0.9830529807403857
37 0.9698428241517738 0.030157175848226542 0 0 0.9825865708622019
38 0.03824371841316652 0.9617562815868335 1 1 0.9821203941306657
39 0.07214853303711012 0.9278514669628897 1 0 0.9816544504292329
40 0.8014296285226037 0.1985703714773964 0 0 0.9811887396414175
41 0.07625950944322576 0.9237404905567753 1 0 0.9807232616507919
42 0.609790966453032 0.39020903354696806 0 0 0.9802580163409866
43 0.9593180366793338 0.04068196332066638 0 0 0.9797930035956902
44 0.9576194478610881 0.04238055213891249 0 0 0.9793282232986495
45 0.9608299131476861 0.039170086852315156 0 0 0.9788636753336696
46 0.7555883980905993 0.24441160190940056 0 1 0.9783993595846132
47 0.2592043901489559 0.7407956098510443 1 0 0.9779352759354016
48 0.5054470905159101 0.49455290948408986 0 1 0.9774714242700139
49 0.10175676243146206 0.8982432375685373 1 0 0.977007804472487
50 0.17844004615415732 0.8215599538458424 1 1 0.976544416426916
51 0.16603556424704047 0.83396443575296 1 0 0.976081260017454
52 0.2334382826356873 0.7665617173643128 1 1 0.9756183351283119
53 0.9942267154688477 0.005773284531151625 0 0 0.9751556416437582
54 0.24807355808705897 0.7519264419129401 1 0 0.97469317944812
55 0.06640881796348966 0.9335911820365101 1 1 0.9742309484257813
56 0.9943209099649307 0.005679090035068682 0 0 0.9737689484611846
57 0.10496806185241439 0.8950319381475857 1 1 0.9733071794388298
58 0.9945934807792222 0.005406519220777395 0 0 0.9728456412432746
59 0.6095154211678451 0.39048457883215415 0 0 0.9723843337591346
60 0.008148489608908974 0.9918515103910904 1 0 0.9719232568710827
61 0.9732411659787588 0.02675883402124161 0 0 0.97146241046385
62 0.9748841031362527 0.025115896863747107 0 0 0.9710017944222247
63 0.5017418400547576 0.4982581599452421 0 1 0.9705414086310526
64 0.6752669471070624 0.32473305289293763 0 0 0.9700812529752377
65 0.7142848587927308 0.2857151412072692 0 1 0.9696213273397407
66 0.9746559963495733 0.025344003650426085 0 0 0.9691616316095805
67 0.34703967623075965 0.6529603237692418 1 0 0.9687021656698327
68 0.6762359873683023 0.32376401263169713 0 0 0.9682429294056313
69 0.9226378854095925 0.07736211459040795 0 1 0.967783922702167
70 0.9189177515804864 0.08108224841951363 0 0 0.9673251454446882
71 0.4689689377920637 0.5310310622079354 1 1 0.9668665975185005
72 0.9663436178841756 0.03365638211582431 0 0 0.966408278808967
73 0.1896600289513031 0.8103399710486974 1 0 0.9659501892015078
74 0.43321762676808734 0.5667823732319125 1 0 0.9654923285816008
75 0.9158393329380958 0.0841606670619043 0 0 0.9650346968347807
76 0.7854877685901444 0.2145122314098567 0 0 0.9645772938466396
77 0.9194176632814917 0.08058233671850842 0 0 0.9641201195028267
78 0.9211691588625804 0.07883084113741919 0 0 0.9636631736890484
79 0.37513927132934305 0.6248607286706569 1 0 0.9632064562910683
80 0.32648034506394064 0.6735196549360593 1 1 0.9627499671947071
81 0.3453087106913434 0.6546912893086565 1 0 0.9622937062858423
82 0.37301551195491867 0.6269844880450817 1 1 0.9618376734504089
83 0.05102745999240468 0.03857900789737301 0 0 0.9613818685743987
84 0.9589423405751238 0.041057659424876575 0 0 0.9609262915438603
85 0.9617708799552676 0.038229120044731744 0 0 0.9604709422448996
86 0.9621295526401201 0.03787044735988042 0 0 0.9600158205636791
87 0.5585999421481547 0.44140005785184644 0 0 0.9595609263864187
88 0.3868899124251411 0.6131100875748587 1 1 0.9591062595993943
89 0.8952420871136618 0.10475791288633868 0 0 0.9586518200889397
90 0.9765126905318657 0.023487309468134175 0 0 0.9581976077414449
91 0.6697425998293859 0.33025740017061345 0 1 0.9577436224433568
92 0.4821929294676754 0.5178070705323251 1 0 0.957289864081179
93 0.9729344140872076 0.02706558591279328 0 0 0.9568363325414718
94 0.35134275119975067 0.6486572488002497 1 1 0.9563830277108525
95 0.9697990599218176 0.03020094007818286 0 0 0.9559299494759951
96 0.9760457093606294 0.023954290639370455 0 0 0.9554770977236295
97 0.44341606945529294 0.5565839305447061 1 0 0.9550244723405431
98 0.572990941869508 0.42700905813049217 0 1 0.9545720732135796
99 0.06245337481634583 0.9375466251836541 1 0 0.9541199002296391
100 0.7489119582375028 0.25108804176249727 0 1 0.9536679532756783
101 0.10968927644998543 0.8903107235500147 1 1 0.9532162322387105
102 0.9756983690928639 0.0243016309071354 0 0 0.9527647370058057
103 0.9750030641719671 0.024996935828033685 0 0 0.9523134674640896
104 0.95798948586715 0.04201051413284957 0 0 0.951862423500745
105 0.7567773292368185 0.24322267076318224 0 1 0.9514116050030111
106 0.9189652586685354 0.0810347413314646 0 0 0.9509610118581833
107 0.5266091809100312 0.4733908190899691 0 1 0.950510643953613
108 0.9756137809411667 0.024386219058833532 0 0 0.9500605011767084
109 0.5917928216308295 0.40820717836916975 0 0 0.9496105834149338
110 0.31881315112864045 0.6811868488713596 1 0 0.9491608905558097
111 0.04011175858066625 0.9598882414193346 1 1 0.948711422486913
112 0.9658051305714379 0.03419486942856247 0 0 0.9482621790958765
113 0.03452123112291988 0.9654787688770811 1 0 0.9478131602703894
114 0.6287829018864046 0.37121709811359493 0 0 0.9473643658981972
115 0.9357580663016927 0.06424193369830702 0 0 0.9469157958671011
116 0.9769031863004641 0.02309681369953537 0 0 0.9464674500649586
117 0.8909548234925647 0.1090451765074357 0 0 0.9460193283796833
118 0.7638890666940144 0.23611093330598618 0 0 0.9455714306992448
119 0.5373881366067141 0.4626118633932865 0 0 0.9451237569116685
120 0.9695903010256233 0.030409698974376866 0 0 0.9446763069050362
121 0.9527490321838541 0.04725096781614543 0 0 0.9442290805674853
122 0.3353440515747272 0.6646559484252728 1 0 0.9437820777872092
123 0.4939060602228309 0.5060939397771698 1 1 0.9433352984524572
124 0.9628305885400507 0.037169411459949134 0 0 0.9428887424515344
125 0.5708978623865663 0.42910213761343374 0 1 0.942442409672802
126 0.4406658831647387 0.5593341168352614 1 0 0.9419963000046766
127 0.9104250980358627 0.08957490196413696 0 0 0.9415504133356308
128 0.8540259734195924 0.14597402658040765 0 0 0.941104749554193
129 0.3112908783029041 0.6887091216970969 1 0 0.9406593085489473
130 0.7733462298592884 0.22665377014071061 0 1 0.9402140902085333
131 0.8634070083169941 0.13659299168300576 0 1 0.9397690944216465
132 0.8904976664983988 0.10950233350160167 0 1 0.9393243210770379
133 0.9099124554541379 0.09008754454586237 0 0 0.9388797700635142
134 0.6934786673885585 0.3065213326114425 0 0 0.9384354412699377
135 0.8604021300048701 0.13959786999513035 0 0 0.9379913345852261
136 0.6652767944979189 0.3347232055020804 0 0 0.9375474498983528
137 0.7717005279525359 0.22829947204746323 0 1 0.9371037870983466
138 0.1402582179689895 0.8597417820310108 1 1 0.9366603460742918
139 0.9677398973764467 0.03226010262355425 0 0 0.9362171267153282
140 0.9672547849397825 0.032745215060216784 0 0 0.9357741289106508
141 0.6140865097112347 0.3859134902887656 0 1 0.9353313525495103
142 0.06178239729994522 0.9382176027000549 1 1 0.9348887975212126
143 0.013269731285921104 0.01336414512390758 1 0 0.9344464637151187
144 0.957258398020607 0.04274160197939373 0 0 0.9340043510206455
145 0.9868953020329831 0.0131046979670159 0 0 0.9335624593272646
146 0.9944520699153245 0.005547930084675776 0 0 0.9331207885245031
147 0.77655898759515 0.223441012404851 0 0 0.9326793385019433
148 0.8209406369320043 0.17905936306799597 0 0 0.9322381091492229
149 0.8611523435954251 0.13884765640457458 0 1 0.9317971003560342
150 0.8412085848676657 0.15879141513233477 0 0 0.9313563120121252
151 0.9936553869047842 0.006344613095216005 0 0 0.9309157440072989
152 0.986454810158998 0.013545189841002095 0 0 0.9304753962314132
153 0.9945181918788203 0.005481808121180163 0 0 0.930035268574381
154 0.4904190118142335 0.5095809881857667 1 0 0.9295953609261706
155 0.908669198640724 0.09133080135927579 0 0 0.929155673176805
156 0.9854174523758276 0.014582547624171256 0 0 0.9287162052163623
157 0.7385685943159508 0.2614314056840493 0 1 0.9282769569349755
158 0.8422979051361609 0.1577020948638386 0 0 0.9278379282228324
159 0.9945651131680683 0.005434886831932065 0 1 0.9273991189701761
160 0.7930425477852665 0.20695745221473297 0 0 0.926960529067304
161 0.8517403536733645 0.1482596463266352 0 0 0.9265221584045688
162 0.10259529865506403 0.8974047013449357 1 0 0.9260840068723777
163 0.9812882722040822 0.018711727795918422 0 0 0.9256460743611928
164 0.43739712871791453 0.5626028712820855 1 1 0.9252083607615312
165 0.9189360965885541 0.08106390341144572 0 0 0.9247708659639643
166 0.9155819969729219 0.08441800302707816 0 1 0.9243335898591184
167 0.8735818035411651 0.1264181964588338 0 0 0.9238965323376747
168 0.5369634245933661 0.4630365754066349 0 1 0.9234596932903685
169 0.8777417117215721 0.1222582882784278 0 1 0.9230230726079901
170 0.781905481326692 0.21809451867330776 0 1 0.9225866701813845
171 0.9397260920472059 0.06027390795279329 0 0 0.9221504859014509
172 0.5095792617542312 0.49042073824576976 0 1 0.9217145196591434
173 0.9314324485397306 0.06856755146026938 0 0 0.9212787713454703
174 0.9257508023038405 0.07424919769615977 0 1 0.9208432408514946
175 0.9293265091713507 0.07067349082865018 0 1 0.9204079280683337
176 0.9101388261298072 0.08986117387019237 0 0 0.9199728328871594
177 0.8970034723976178 0.10299652760238265 0 0 0.9195379551991977
178 0.9209750257843065 0.07902497421569311 0 0 0.9191032948957294
179 0.8566494838845259 0.14335051611547509 0 1 0.9186688518680893
180 0.8258906441490955 0.17410935585090487 0 0 0.9182346260076668
181 0.8322236436321839 0.16777635636781557 0 0 0.9178006172059052
182 0.8838414511107162 0.11615854888928394 0 0 0.9173668253543025
183 0.8562241725824574 0.1437758274175432 0 1 0.9169332503444106
184 0.7943903901219475 0.205609609878053 0 1 0.9164998920678359
185 0.8497014519830874 0.15029854801691295 0 0 0.9160667504162386
186 0.7455681685011897 0.2544318314988098 0 1 0.9156338252813335
187 0.7785813050750935 0.22141869492490734 0 0 0.9152011165548892
188 0.8081177378168797 0.1918822621831204 0 0 0.9147686241287286
189 0.8385848832631453 0.16141511673685524 0 0 0.9143363478947285
190 0.8533893664100775 0.14661063358992232 0 0 0.9139042877448198
191 0.7623806651921925 0.23761933480780675 0 0 0.9134724435709877
192 0.8829996529279832 0.11700034707201602 0 0 0.9130408152652709
193 0.9277104299610174 0.0722895700389823 0 0 0.9126094027197623
194 0.9431223033437314 0.05687769665626826 0 0 0.912178205826609
195 0.822902765006906 0.17709723499309393 0 1 0.9117472244780116
196 0.8015403322927567 0.19845966770724283 0 0 0.9113164585662249
197 0.9051384360370325 0.09486156396296784 0 0 0.9108859079835573
198 0.7909254480258371 0.20907455197416372 0 1 0.9104555726223711
199 0.909919252705192 0.09008074729480921 0 0 0.9100254523750826
200 0.9191523938110843 0.080847606188916 0 0 0.9095955471341616
201 0.12158855504751062 0.8784114449524896 1 1 0.9091658567921319
202 0.7205793916128889 0.2794206083871107 0 0 0.908736381241571
203 0.7822221629403422 0.21777783705965678 0 0 0.9083071203751096
204 0.7865903745974169 0.21340962540258304 0 1 0.907878074085433
205 0.8637240275083279 0.13627597249167156 0 0 0.9074492422652793
206 0.8779080503750872 0.1220919496249123 0 0 0.9070206248074407
207 0.9310584915882576 0.06894150841174232 0 0 0.9065922216047627
208 0.9201352623351727 0.07986473766482707 0 0 0.9061640325501444
209 0.9360284587770125 0.06397154122298793 0 0 0.905736057536539
210 0.9688462999204924 0.03115370007950788 0 0 0.9053082964569523
211 0.7423983210509869 0.2576016789490128 0 1 0.9048807492044442
212 0.8906495401778389 0.10935045982216189 0 0 0.9044534156721279
213 0.9387188927703524 0.06128110722964823 0 0 0.9040262957531698
214 0.9389235526910955 0.06107644730890434 0 0 0.9035993893407902
215 0.978678493299233 0.021321506700767035 0 0 0.9031726963282625
216 0.968169617130905 0.031830382869095106 0 1 0.9027462166089132
217 0.919142366257523 0.08085763374247662 0 0 0.9023199500761224
218 0.5348530236977062 0.46514697630229446 0 0 0.9018938966233236
219 0.7872262743934534 0.21277372560654714 0 0 0.9014680561440035
220 0.3529820273438128 0.6470179726561875 1 1 0.9010424285317018
221 0.7815384001940636 0.2184615998059358 0 1 0.9006170136800117
222 0.9255239434197231 0.0744760565802768 0 0 0.9001918114825794
223 0.6935076070546389 0.30649239294536124 0 1 0.8997668218331044
224 0.9006053264435431 0.09939467355645668 0 0 0.8993420446253394
225 0.8476303591007618 0.15236964089923802 0 1 0.8989174797530899
226 0.7430530160374621 0.25694698396253796 0 0 0.8984931271102148
227 0.8822779410759177 0.11772205892408294 0 1 0.8980689865906258
228 0.11227717853483742 0.887722821465162 1 0 0.8976450580882879
229 0.8720273732343105 0.12797262676569002 0 0 0.897221341497219
230 0.7901994721697231 0.20980052783027653 0 1 0.8967978367114897
231 0.8091546445623887 0.1908453554376116 0 0 0.8963745436252242
232 0.8802511743750345 0.11974882562496583 0 0 0.895951462132599
233 0.8816455877511087 0.11835441224889108 0 0 0.8955285921278436
234 0.7347029315701615 0.26529706842983924 0 1 0.8951059335052408
235 0.870914758256685 0.12908524174331515 0 0 0.8946834861591256
236 0.8314536892652549 0.16854631073474502 0 1 0.8942612499838865
237 0.8447788124536325 0.1552211875463672 0 0 0.8938392248739643
238 0.8685953044618243 0.13140469553817583 0 0 0.8934174107238526
239 0.8341064507881761 0.16589354921182456 0 0 0.8929958074280979
240 0.8787295420492062 0.12127045795079415 0 0 0.8925744148812996
241 0.899221514324016 0.10077848567598416 0 1 0.8921532329781094
242 0.8336859632627095 0.16631403673729117 0 0 0.8917322616132318
243 0.8372365496708689 0.16276345032913103 0 0 0.891311500681424
244 0.8117500370725304 0.18824996292746984 0 0 0.8908909500774957
245 0.8404770099926272 0.15952299000737344 0 0 0.8904706096963094
246 0.9259195696644437 0.0740804303355566 0 0 0.8900504794327798
247 0.8860834667278216 0.11391653327217807 0 0 0.8896305591818745
248 0.8857276330298725 0.11427236697012785 0 0 0.8892108488386133
249 0.78775155154173 0.21224844845827 0 1 0.8887913482980688
250 0.8946563309788992 0.10534366902110084 0 0 0.8883720574553657
251 0.9229305646024394 0.07706943539756075 0 0 0.8879529762056811
252 0.9350334871046384 0.0649665128953623 0 0 0.8875341044442453
253 0.7620464926926033 0.23795350730739687 0 1 0.8871154420663397
254 0.2559407164691085 0.7440592835308911 1 0 0.8866969889672991
255 0.7868532827061695 0.21314671729383036 0 0 0.8862787450425101
256 0.8367869021459331 0.16321309785406685 0 1 0.8858607101874116
257 0.7593277416820442 0.24067225831795608 0 1 0.8854428842974952
258 0.851935603114782 0.14806439688521808 0 0 0.885025267268304
259 0.8536842686037707 0.14631573139622933 0 0 0.8846078589954341
260 0.2451558077980982 0.7548441922019022 1 0 0.8841906593745332
261 0.5737528877598922 0.426247112240107 0 0 0.8837736683013016
262 0.8516862497306845 0.14831375026931568 0 1 0.8833568856714914
263 0.8540561798108953 0.14594382018910443 0 0 0.8829403113809069
264 0.8382573078637473 0.16174269213625309 0 0 0.8825239453254046
265 0.8557988774056183 0.14420112259438128 0 1 0.882107787400893
266 0.8043288046251525 0.19567119537484748 0 0 0.8816918375033326
267 0.8540109097134014 0.14598909028659887 0 0 0.8812760955287358
268 0.8339398210072079 0.1660601789927914 0 0 0.8808605613731673
269 0.6939389914318504 0.30606100856814916 0 0 0.8804452349327435
270 0.9200092114870592 0.07999078851294085 0 0 0.8800301161036327
271 0.9258395930020605 0.07416040699793987 0 0 0.8796152047820552
272 0.941824007206859 0.05817599279314058 0 0 0.8792005008642834
273 0.9078828200041538 0.0921171799958456 0 0 0.878786004246641
274 0.8010462870228711 0.1989537129771285 0 1 0.8783717148255039
275 0.8417681718353809 0.15823182816461942 0 0 0.8779576324973
276 0.9025670905383532 0.09743290946164773 0 0 0.8775437571585084
277 0.8737702017616442 0.12622979823835578 0 0 0.8771300887056604
278 0.9486384829831577 0.05136151701684298 0 0 0.8767166270353389
279 0.9861049070886373 0.013895092911362879 0 0 0.8763033720441786
280 0.9865772462188181 0.013422753781182151 0 0 0.8758903236288655
281 0.9559447158376607 0.04405528416233864 0 0 0.8754774816861377
282 0.9248810501206077 0.07511894987939223 0 0 0.8750648461127845
283 0.792527460934048 0.20747253906595226 0 0 0.8746524168056472
284 0.9261255513144891 0.07387444868551095 0 0 0.8742401936616183
285 0.8969178993280715 0.10308210067192854 0 0 0.8738281765776422
286 0.8594856018895295 0.1405143981104707 0 0 0.8734163654507144
287 0.5501509718231371 0.4498490281768632 0 1 0.8730047601778824
288 0.947562093108927 0.05243790689107324 0 1 0.8725933606562447
289 0.2672267796929847 0.732773220307015 1 1 0.8721821667829516
290 0.9500625569919255 0.04993744300807399 0 0 0.8717711784552042
291 0.9036502706919001 0.09634972930810062 0 0 0.8713603955702558
292 0.9269955023929952 0.07300449760700542 0 0 0.8709498180254107
293 0.947614229246396 0.05238577075360393 0 0 0.8705394457180242
294 0.9783208216928445 0.021679178307155832 0 0 0.8701292785455035
295 0.9760522193760175 0.02394778062398238 0 0 0.8697193164053066
0.49487561698939414
0.5460760364722628
0.4940637766702105
0.495 ¡À 0.000
0.546 ¡À 0.000
0.494 ¡À 0.000
