0
0 0.0 0.0 0 1 1.0
1 0.0 0.0 0 1 0.9995251187302109
2 0.12213230628196343 0.8778676937180364 1 0 0.9990504748417063
3 0.5311322521666493 0.46886774783335083 0 0 0.9985760682158253
4 0.6181826753590429 0.38181732464095675 0 1 0.9981018987339664
5 0.5317536164082833 0.46824638359171655 0 0 0.9976279662775871
6 0.5994568557565145 0.4005431442434853 0 0 0.9971542707282044
7 0.6206500687714307 0.37934993122856914 0 0 0.9966808119673941
8 0.6376360139000525 0.3623639860999474 0 1 0.9962075898767919
9 0.5883952421576959 0.41160475784230416 0 1 0.995734604338092
10 0.5041850784575369 0.49581492154246315 0 0 0.9952618552330482
11 0.5672850113856953 0.43271498861430485 0 1 0.9947893424434732
12 0.4287835755211566 0.5712164244788435 1 0 0.9943170658512385
13 0.4674988881970583 0.5325011118029417 1 1 0.9938450253382753
14 0.30597750908774407 0.2799735625651745 0 0 0.9933732207865733
15 0.598125191593738 0.40187480840626205 0 0 0.9929016520781815
16 0.7753920494444729 0.22460795055552707 0 0 0.9924303190952076
17 0.719949317080974 0.2800506829190261 0 1 0.9919592217198184
18 0.7406735527487011 0.2593264472512988 0 0 0.9914883598342394
19 0.31960396930107754 0.6803960306989226 1 1 0.9910177333207555
20 0.32603980619103 0.6739601938089697 1 0 0.9905473420617097
21 0.5519339578409715 0.4480660421590285 0 0 0.9900771859395043
22 0.647880369292552 0.35211963070744784 0 0 0.9896072648366003
23 0.7243257528498029 0.27567424715019745 0 0 0.9891375786355174
24 0.7288968608934585 0.27110313910654177 0 0 0.988668127218834
25 0.4122365677405272 0.587763432259473 1 0 0.9881989104691874
26 0.6010088651476543 0.39899113485234555 0 0 0.9877299282692732
27 0.606792785248224 0.3932072147517763 0 0 0.987261180501846
28 0.6122745400389809 0.3877254599610193 0 0 0.9867926670497188
29 0.6174697042641569 0.3825302957358431 0 0 0.9863243877957633
30 0.6223989410974774 0.3776010589025227 0 1 0.9858563426229096
31 0.5966135089663843 0.4033864910336156 0 0 0.9853885314141463
32 0.6019744482061913 0.3980255517938086 0 0 0.9849209540525209
33 0.6070545742395457 0.39294542576045416 0 1 0.9844536104211388
34 0.7006349977180247 0.29936500228197527 0 0 0.9839865004031642
35 0.7309742079288238 0.26902579207117594 0 0 0.9835196238818196
36 0.5511265661577125 0.44887343384228695 0 0 0.9830529807403857
37 0.6823682186397301 0.3176317813602699 0 0 0.9825865708622019
38 0.6649928201498276 0.3350071798501722 0 0 0.9821203941306657
39 0.6871933966507858 0.3128066033492143 0 0 0.9816544504292329
40 0.6581724400578726 0.3418275599421271 0 0 0.9811887396414175
41 0.5791042793379245 0.4208957206620754 0 0 0.9807232616507919
42 0.5621810148135036 0.4378189851864966 0 1 0.9802580163409866
43 0.6692306392803928 0.3307693607196072 0 0 0.9797930035956902
44 0.8663547718807588 0.13364522811924126 0 0 0.9793282232986495
45 0.9082927703064756 0.09170722969352413 0 0 0.9788636753336696
46 0.1177665395550825 0.8822334604449176 1 1 0.9783993595846132
47 0.9777054523524482 0.022294547647552263 0 0 0.9779352759354016
48 0.9772440441943999 0.02275595580560075 0 0 0.9774714242700139
49 0.7785813458906816 0.2214186541093173 0 1 0.977007804472487
50 0.9816369974151313 0.018363002584867692 0 0 0.976544416426916
51 0.5193449763969172 0.4806550236030821 0 1 0.976081260017454
52 0.5283352069852932 0.4716647930147058 0 0 0.9756183351283119
53 0.9993728621862419 0.0006271378137579689 0 0 0.9751556416437582
54 0.7791344261984656 0.22086557380153313 0 1 0.97469317944812
55 0.9991138199020643 0.0008861800979354177 0 1 0.9742309484257813
56 0.6387286421368258 0.3612713578631736 0 0 0.9737689484611846
57 0.2983580607391906 0.7016419392608102 1 0 0.9733071794388298
58 0.6502589507384988 0.3497410492615005 0 0 0.9728456412432746
59 0.8276716127905572 0.17232838720944313 0 0 0.9723843337591346
60 0.6893372452431799 0.3106627547568202 0 1 0.9719232568710827
61 0.6015667808315646 0.39843321916843605 0 0 0.97146241046385
62 0.9462087063108489 0.0537912936891517 0 0 0.9710017944222247
63 0.9523286557630588 0.047671344236942303 0 0 0.9705414086310526
64 0.651264063442599 0.34873593655740215 0 1 0.9700812529752377
65 0.9604505600699609 0.03954943993003853 0 0 0.9696213273397407
66 0.8095971681042633 0.19040283189573584 0 0 0.9691616316095805
67 0.9640938884168102 0.03590611158318877 0 0 0.9687021656698327
68 0.978083677663528 0.021916322336471256 0 1 0.9682429294056313
69 0.8845592774521424 0.11544072254785712 0 0 0.967783922702167
70 0.39441098243703776 0.6055890175629633 1 0 0.9673251454446882
71 0.9606584999563411 0.03934150004365815 0 0 0.9668665975185005
72 0.028482561299983666 0.971517438700018 1 0 0.966408278808967
73 0.5888624013708167 0.4111375986291839 0 0 0.9659501892015078
74 0.6391515246156826 0.360848475384318 0 0 0.9654923285816008
75 0.7351698902945341 0.26483010970546705 0 0 0.9650346968347807
76 0.5570878550071573 0.44291214499284265 0 0 0.9645772938466396
77 0.6840544307611113 0.3159455692388883 0 0 0.9641201195028267
78 0.5254060324481102 0.4745939675518894 0 0 0.9636631736890484
79 0.6569972536887277 0.34300274631127337 0 1 0.9632064562910683
80 0.6514748067387544 0.3485251932612453 0 0 0.9627499671947071
81 0.6443077898404003 0.35569221015959873 0 0 0.9622937062858423
82 0.6399028006660189 0.36009719933398254 0 1 0.9618376734504089
83 0.6304603259351111 0.3695396740648874 0 0 0.9613818685743987
84 0.5064667819183355 0.4935332180816653 0 0 0.9609262915438603
85 0.5868258841783707 0.4131741158216282 0 0 0.9604709422448996
86 0.5851520476783649 0.4148479523216345 0 0 0.9600158205636791
87 0.583254799083469 0.4167452009165316 0 0 0.9595609263864187
88 0.5726305193811839 0.4273694806188165 0 1 0.9591062595993943
89 0.6252687348877416 0.3747312651122588 0 1 0.9586518200889397
90 0.584208259979017 0.4157917400209824 0 0 0.9581976077414449
91 0.5367499754513515 0.4300027768008732 0 0 0.9577436224433568
92 0.6215336529036318 0.3784663470963677 0 0 0.957289864081179
93 0.5522119485424043 0.44778805145759587 0 1 0.9568363325414718
94 0.8615715550277794 0.13842844497221932 0 0 0.9563830277108525
95 0.5311311737544959 0.46886882624550297 0 0 0.9559299494759951
96 0.5961306715199809 0.40386932848001855 0 0 0.9554770977236295
97 0.8425506043705393 0.1574493956294612 0 0 0.9550244723405431
98 0.9341797532841934 0.06582024671580605 0 0 0.9545720732135796
99 0.907013355082161 0.09298664491784009 0 0 0.9541199002296391
100 0.9281903164210267 0.07180968357897262 0 0 0.9536679532756783
101 0.7624046702135198 0.23759532978648062 0 0 0.9532162322387105
102 0.8532554958263139 0.1467445041736857 0 0 0.9527647370058057
103 0.7873301413917357 0.21266985860826357 0 1 0.9523134674640896
104 0.7798253701223867 0.22017462987761194 0 0 0.951862423500745
105 0.6849216060956661 0.3150783939043328 0 0 0.9514116050030111
106 0.5864201110664058 0.41357988893359426 0 1 0.9509610118581833
107 0.5915476282169809 0.4084523717830199 0 0 0.950510643953613
108 0.5440784843048402 0.4559215156951606 0 1 0.9500605011767084
109 0.7061087767688095 0.2938912232311905 0 0 0.9496105834149338
110 0.888350663728997 0.11164933627100344 0 0 0.9491608905558097
111 0.31143027593612493 0.6885697240638745 1 0 0.948711422486913
112 0.32277518325749177 0.6772248167425075 1 0 0.9482621790958765
113 0.505420845374471 0.49457915462552965 0 1 0.9478131602703894
114 0.2704083347187682 0.7295916652812314 1 1 0.9473643658981972
115 0.32762134652051983 0.6723786534794797 1 1 0.9469157958671011
116 0.145093395362507 0.8549066046374929 1 1 0.9464674500649586
117 0.9236810972053819 0.05896614434445054 0 0 0.9460193283796833
118 0.18158181289059172 0.8010571623718157 1 0 0.9455714306992448
119 0.9387381947500867 0.06126180524991281 0 0 0.9451237569116685
120 0.7552185152870522 0.2447814847129483 0 0 0.9446763069050362
121 0.7891141494261859 0.21088585057381368 0 0 0.9442290805674853
122 0.010490879224822352 0.012528771164441161 1 0 0.9437820777872092
123 0.9876251601456179 0.012374839854381989 0 0 0.9433352984524572
124 0.9876443830044216 0.012355616995578968 0 0 0.9428887424515344
125 0.6646925729826834 0.33530742701731703 0 1 0.942442409672802
126 0.9371949912815993 0.06280500871840033 0 0 0.9419963000046766
127 0.7815036040132511 0.21849639598674817 0 0 0.9415504133356308
128 0.985274436876637 0.01472556312336296 0 0 0.941104749554193
129 0.982666895094638 0.01733310490536243 0 0 0.9406593085489473
130 0.6433316930607058 0.35666830693929436 0 0 0.9402140902085333
131 0.9832186236545041 0.01678137634549602 0 0 0.9397690944216465
132 0.7053774829530376 0.29462251704696174 0 1 0.9393243210770379
133 0.9124903042024688 0.08750969579753039 0 0 0.9388797700635142
134 0.7982705913112703 0.20172940868872952 0 1 0.9384354412699377
135 0.636215553276044 0.3637844467239572 0 0 0.9379913345852261
136 0.6793771698462505 0.3206228301537493 0 0 0.9375474498983528
137 0.686314781560516 0.3136852184394835 0 1 0.9371037870983466
138 0.9049683497432893 0.09503165025671044 0 1 0.9366603460742918
139 0.8532085910491538 0.14679140895084544 0 0 0.9362171267153282
140 0.5381138813719577 0.46188611862804224 0 0 0.9357741289106508
141 0.7082559014497102 0.2917440985502898 0 1 0.9353313525495103
142 0.8976068086564272 0.10239319134357174 0 0 0.9348887975212126
143 0.905470982232303 0.09452901776769776 0 0 0.9344464637151187
144 0.9185149118725482 0.08148508812745144 0 0 0.9340043510206455
145 0.6410479607017603 0.35895203929823943 0 0 0.9335624593272646
146 0.936934958306182 0.06306504169381777 0 0 0.9331207885245031
147 0.9315906506123768 0.06840934938762251 0 1 0.9326793385019433
148 0.910890343071926 0.08910965692807354 0 0 0.9322381091492229
149 0.9236145876826963 0.0763854123173037 0 0 0.9317971003560342
150 0.847969601271662 0.15203039872833826 0 0 0.9313563120121252
151 0.9233481638053376 0.07665183619466275 0 0 0.9309157440072989
152 0.9726288220761822 0.02737117792381758 0 0 0.9304753962314132
153 0.7374119695223131 0.26258803047768736 0 0 0.930035268574381
154 0.9876611180392582 0.012338881960741177 0 1 0.9295953609261706
155 0.5700461153064037 0.42995388469359613 0 1 0.929155673176805
156 0.8830166277814033 0.11698337221859535 0 1 0.9287162052163623
157 0.6197208575441471 0.3802791424558535 0 0 0.9282769569349755
158 0.5077353495009312 0.4922646504990691 0 1 0.9278379282228324
159 0.7803825822148938 0.2196174177851054 0 0 0.9273991189701761
160 0.6515098374300965 0.34849016256990306 0 0 0.926960529067304
161 0.7752034208695526 0.22479657913044776 0 0 0.9265221584045688
162 0.8463758975572429 0.15362410244275668 0 0 0.9260840068723777
163 0.8607099086931453 0.1392900913068542 0 0 0.9256460743611928
164 0.8989777611088282 0.10102223889117175 0 0 0.9252083607615312
165 0.8236519883390632 0.1763480116609363 0 0 0.9247708659639643
166 0.7397003554222734 0.26029964457772614 0 1 0.9243335898591184
167 0.8769067207245326 0.12309327927546747 0 0 0.9238965323376747
168 0.8722740281340673 0.12772597186593332 0 0 0.9234596932903685
169 0.903664232216974 0.09633576778302567 0 0 0.9230230726079901
170 0.9048105603053965 0.09518943969460414 0 0 0.9225866701813845
171 0.6450443739413906 0.35495562605860914 0 0 0.9221504859014509
172 0.3486953321224667 0.6513046678775333 1 1 0.9217145196591434
173 0.7895219638360687 0.21047803616393185 0 1 0.9212787713454703
174 0.6219954300392995 0.37800456996070003 0 1 0.9208432408514946
175 0.8617872764579164 0.1382127235420836 0 0 0.9204079280683337
176 0.8222258281640871 0.1777741718359126 0 0 0.9199728328871594
177 0.7693127625817381 0.2306872374182617 0 0 0.9195379551991977
178 0.6763717712591125 0.3236282287408879 0 0 0.9191032948957294
179 0.7473224775706517 0.25267752242934854 0 1 0.9186688518680893
180 0.5202749438728196 0.4797250561271799 0 0 0.9182346260076668
181 0.8690666811972889 0.13093331880271236 0 0 0.9178006172059052
182 0.8669517244754602 0.13304827552453924 0 1 0.9173668253543025
183 0.7861981708274057 0.21380182917259405 0 0 0.9169332503444106
184 0.8486059065244193 0.15139409347558067 0 0 0.9164998920678359
185 0.8524992450389774 0.14750075496102297 0 0 0.9160667504162386
186 0.7388482065941975 0.261151793405803 0 0 0.9156338252813335
187 0.741762953397954 0.25823704660204466 0 0 0.9152011165548892
188 0.7461985243398372 0.25380147566016253 0 0 0.9147686241287286
189 0.8245003563653844 0.17549964363461476 0 1 0.9143363478947285
190 0.6677934238740963 0.3322065761259031 0 1 0.9139042877448198
191 0.8278753563826252 0.1721246436173754 0 0 0.9134724435709877
192 0.6963738518255536 0.3036261481744462 0 0 0.9130408152652709
193 0.14943475380060198 0.8505652461993973 1 0 0.9126094027197623
194 0.8374660519245234 0.16253394807547655 0 0 0.912178205826609
195 0.6121983000875421 0.38780169991245816 0 1 0.9117472244780116
196 0.6900174367604748 0.30998256323952467 0 0 0.9113164585662249
197 0.7892090739157195 0.21079092608428002 0 0 0.9108859079835573
198 0.7532760435013081 0.24672395649869236 0 0 0.9104555726223711
199 0.7577238842110741 0.2422761157889263 0 0 0.9100254523750826
200 0.5311014130037457 0.46889858699625375 0 1 0.9095955471341616
201 0.7212706794772199 0.2787293205227798 0 1 0.9091658567921319
202 0.6448837940357666 0.3551162059642338 0 0 0.908736381241571
203 0.8000136192777682 0.19998638072223135 0 0 0.9083071203751096
204 0.6045199747589649 0.39548002524103587 0 1 0.907878074085433
205 0.8008161364330778 0.1991838635669223 0 0 0.9074492422652793
206 0.6328016803935606 0.36719831960644006 0 1 0.9070206248074407
207 0.7773003843973632 0.22269961560263574 0 0 0.9065922216047627
208 0.6465147542600855 0.35348524573991535 0 1 0.9061640325501444
209 0.7677729140132616 0.23222708598673886 0 0 0.905736057536539
210 0.6882754418617609 0.3117245581382394 0 0 0.9053082964569523
211 0.7093278519723333 0.290672148027667 0 0 0.9048807492044442
212 0.19357708410986618 0.8064229158901337 1 0 0.9044534156721279
213 0.7806085633178402 0.21939143668215985 0 0 0.9040262957531698
214 0.8080899315308844 0.19191006846911562 0 0 0.9035993893407902
215 0.7922817486692384 0.20771825133076108 0 0 0.9031726963282625
216 0.6727662968240912 0.3272337031759092 0 0 0.9027462166089132
217 0.6485141786594288 0.3514858213405718 0 0 0.9023199500761224
218 0.7284327996883947 0.2715672003116059 0 0 0.9018938966233236
219 0.7700663269687057 0.22993367303129383 0 1 0.9014680561440035
220 0.7775707626419623 0.22242923735803724 0 1 0.9010424285317018
221 0.6123487559267694 0.38765124407322993 0 0 0.9006170136800117
222 0.4593945038174586 0.5406054961825405 1 1 0.9001918114825794
223 0.6737906658678926 0.32620933413210756 0 0 0.8997668218331044
224 0.7403746556060048 0.2596253443939955 0 1 0.8993420446253394
225 0.6843924586314559 0.3156075413685447 0 1 0.8989174797530899
226 0.6395244624458775 0.36047553755412254 0 0 0.8984931271102148
227 0.7313850653789252 0.26861493462107483 0 0 0.8980689865906258
228 0.6049760501008167 0.39502394989918277 0 1 0.8976450580882879
229 0.6467011739699728 0.35329882603002777 0 0 0.897221341497219
230 0.7271672511623717 0.2728327488376283 0 0 0.8967978367114897
231 0.7433649737260701 0.25663502627392937 0 0 0.8963745436252242
232 0.7417453450562679 0.2582546549437315 0 0 0.895951462132599
233 0.7082348626803738 0.2917651373196264 0 0 0.8955285921278436
234 0.7079999845436072 0.2920000154563925 0 1 0.8951059335052408
235 0.6601443584625817 0.33985564153741876 0 0 0.8946834861591256
236 0.7083790971832055 0.2916209028167945 0 0 0.8942612499838865
237 0.6507156758804484 0.3492843241195521 0 1 0.8938392248739643
238 0.7238335605932066 0.2761664394067933 0 0 0.8934174107238526
239 0.6269493637346956 0.37305063626530494 0 1 0.8929958074280979
240 0.6199617240256934 0.3800382759743062 0 0 0.8925744148812996
241 0.6160343854581812 0.3839656145418189 0 1 0.8921532329781094
242 0.5955445451558624 0.4044554548441368 0 0 0.8917322616132318
243 0.6243818547244468 0.3756181452755532 0 0 0.891311500681424
244 0.7045751082418542 0.29542489175814546 0 0 0.8908909500774957
245 0.721770106544216 0.2782298934557832 0 0 0.8904706096963094
246 0.5639039205834644 0.43609607941653555 0 1 0.8900504794327798
247 0.5522804370824916 0.4477195629175086 0 1 0.8896305591818745
248 0.5579002001363645 0.442099799863635 0 1 0.8892108488386133
249 0.5606154775919535 0.4393845224080465 0 0 0.8887913482980688
250 0.47425047171625306 0.5257495282837464 1 1 0.8883720574553657
251 0.5691591571746044 0.43084084282539603 0 0 0.8879529762056811
252 0.43539881076708076 0.5646011892329186 1 1 0.8875341044442453
253 0.576253659150942 0.42374634084905805 0 0 0.8871154420663397
254 0.5141666810187935 0.4858333189812061 0 1 0.8866969889672991
255 0.5667880632171312 0.4332119367828686 0 0 0.8862787450425101
256 0.5275938828602948 0.4724061171397052 0 0 0.8858607101874116
257 0.5415294456054651 0.4584705543945347 0 0 0.8854428842974952
258 0.5084754297738339 0.49152457022616636 0 1 0.885025267268304
259 0.5320861088417611 0.4679138911582393 0 0 0.8846078589954341
260 0.5699995504873927 0.43000044951260663 0 0 0.8841906593745332
261 0.5154168114892717 0.4845831885107285 0 1 0.8837736683013016
262 0.37662762626760915 0.623372373732391 1 1 0.8833568856714914
263 0.5502118626023884 0.44978813739761175 0 0 0.8829403113809069
264 0.5014630017285242 0.4985369982714756 0 1 0.8825239453254046
265 0.49343886051948127 0.5065611394805188 1 1 0.882107787400893
266 0.5322620686345434 0.4677379313654566 0 0 0.8816918375033326
267 0.5419927341879551 0.4580072658120448 0 0 0.8812760955287358
268 0.5053409488036775 0.4946590511963226 0 1 0.8808605613731673
269 0.5157797279564991 0.48422027204350065 0 0 0.8804452349327435
270 0.534737682537096 0.46526231746290425 0 0 0.8800301161036327
271 0.5417061500961173 0.45829384990388256 0 0 0.8796152047820552
272 0.5105096403936947 0.4894903596063056 0 0 0.8792005008642834
273 0.5293037354529395 0.4706962645470607 0 1 0.878786004246641
274 0.5417456519648488 0.4582543480351508 0 0 0.8783717148255039
275 0.5112431714303076 0.4887568285696927 0 0 0.8779576324973
276 0.5506698197926057 0.44933018020739407 0 0 0.8775437571585084
277 0.5506157071905229 0.44938429280947695 0 0 0.8771300887056604
278 0.5532819987048182 0.446718001295182 0 0 0.8767166270353389
279 0.5092277122978371 0.4907722877021632 0 0 0.8763033720441786
280 0.6135589437997293 0.3864410562002705 0 0 0.8758903236288655
281 0.5639683564430417 0.4360316435569586 0 0 0.8754774816861377
282 0.5903657226250847 0.40963427737491476 0 1 0.8750648461127845
283 0.5653623709364851 0.4346376290635141 0 0 0.8746524168056472
284 0.600746127071732 0.39925387292826736 0 0 0.8742401936616183
285 0.5788217502273645 0.4211782497726355 0 0 0.8738281765776422
286 0.5936679900230247 0.40633200997697544 0 0 0.8734163654507144
287 0.6776943018753353 0.32230569812466514 0 0 0.8730047601778824
288 0.6768549445271154 0.3231450554728842 0 1 0.8725933606562447
289 0.44942219165174474 0.5505778083482552 1 1 0.8721821667829516
290 0.3901822920258374 0.6098177079741631 1 1 0.8717711784552042
291 0.5813459702962165 0.41865402970378357 0 0 0.8713603955702558
292 0.663374993846275 0.3366250061537247 0 0 0.8709498180254107
293 0.6849307334053786 0.31506926659462126 0 0 0.8705394457180242
294 0.6626896065399429 0.3373103934600569 0 0 0.8701292785455035
295 0.6834972446324324 0.3165027553675673 0 0 0.8697193164053066
296 0.6730568435374228 0.3269431564625777 0 0 0.8693095591949432
297 0.7823738970931816 0.21762610290681855 0 0 0.8689000068119738
298 0.7729196962615423 0.22708030373845778 0 0 0.8684906591540104
299 0.7839272359781663 0.21607276402183345 0 0 0.868081516118716
300 0.7584850009873897 0.24151499901261045 0 1 0.8676725776038049
301 0.760562610420356 0.2394373895796443 0 0 0.8672638435070424
302 0.7237723669824928 0.2762276330175066 0 0 0.8668553137262452
303 0.7213541722192846 0.2786458277807154 0 1 0.8664469881592806
304 0.737185072196332 0.2628149278036677 0 0 0.8660388667040673
305 0.7716032688719335 0.22839673112806586 0 0 0.8656309492585749
306 0.6722705997887537 0.3277294002112464 0 1 0.8652232357208242
307 0.6545974200776234 0.3454025799223765 0 1 0.8648157259888866
308 0.49468837220169826 0.5053116277983012 1 1 0.8644084199608846
309 0.5054296062885616 0.4945703937114386 0 1 0.864001317534992
310 0.5281752286693827 0.4718247713306172 0 0 0.8635944186094329
311 0.5655070936959024 0.4344929063040981 0 0 0.8631877230824827
312 0.5220534736427348 0.4779465263572655 0 0 0.8627812308524675
313 0.5384236324388411 0.4615763675611593 0 0 0.8623749418177644
314 0.3387930389812953 0.661206961018705 1 1 0.8619688558768008
315 0.5010033979390339 0.49899660206096585 0 1 0.8615629729280555
316 0.4938592505017344 0.5061407494982655 1 1 0.8611572928700576
317 0.5454117831871722 0.45458821681282785 0 1 0.8607518156013872
318 0.5314485062516257 0.46855149374837435 0 0 0.860346541020675
319 0.5471763418734806 0.4528236581265193 0 0 0.8599414690266022
320 0.522864720700619 0.4771352792993809 0 1 0.8595365995179007
321 0.5275006607971747 0.47249933920282494 0 0 0.8591319323933535
322 0.5467509155249777 0.45324908447502243 0 0 0.8587274675517935
323 0.42133980729783493 0.5786601927021651 1 0 0.8583232048921047
324 0.5435881184493719 0.4564118815506277 0 0 0.8579191443132214
325 0.552336352775905 0.4476636472240952 0 0 0.8575152857141283
326 0.5697750488051107 0.4302249511948894 0 0 0.8571116289938607
327 0.5253718773177445 0.4746281226822556 0 1 0.8567081740515047
328 0.544246498283885 0.45575350171611506 0 0 0.8563049207861965
329 0.5604506533742364 0.43954934662576367 0 0 0.8559018690971224
330 0.5704901279488396 0.42950987205116037 0 0 0.8554990188835201
331 0.5802673590139532 0.4197326409860467 0 0 0.8550963700446765
332 0.5754356330230536 0.42456436697694633 0 1 0.8546939224799296
333 0.5587510590059285 0.4412489409940711 0 0 0.8542916760886676
334 0.5714375921731193 0.42856240782688065 0 1 0.8538896307703289
335 0.4070842650340715 0.5929157349659288 1 1 0.8534877864244019
336 0.5193193785376252 0.48068062146237434 0 0 0.8530861429504258
337 0.4819956172021164 0.5180043827978835 1 1 0.8526847002479896
338 0.4791197342821726 0.5208802657178274 1 0 0.8522834582167327
339 0.5282899775256326 0.47171002247436744 0 0 0.8518824167563444
340 0.5522694972421227 0.4477305027578771 0 0 0.8514815757665646
341 0.5615570226853269 0.4384429773146737 0 0 0.8510809351471827
342 0.5816392232200589 0.4183607767799413 0 0 0.8506804947980389
343 0.5615684495617782 0.4384315504382219 0 0 0.850280254619023
344 0.6193198263358402 0.3806801736641596 0 0 0.8498802145100749
345 0.5459613798635493 0.4540386201364503 0 0 0.8494803743711846
346 0.5526237395502579 0.44737626044974255 0 1 0.849080734102392
347 0.5722045388596877 0.42779546114031286 0 0 0.8486812936037871
348 0.5721568626707347 0.4278431373292654 0 0 0.8482820527755098
349 0.6389042835050119 0.3610957164949884 0 0 0.8478830115177499
350 0.6757106752673915 0.32428932473260863 0 0 0.847484169730747
351 0.3490342508984824 0.6509657491015176 1 0 0.8470855273147906
352 0.5774571670311353 0.4225428329688649 0 1 0.8466870841702203
353 0.5776906764242639 0.422309323575736 0 1 0.8462888401974251
354 0.4931534907129067 0.506846509287093 1 1 0.8458907952968442
355 0.48822402897816886 0.5117759710218305 1 1 0.8454929493689662
356 0.5023910369793986 0.4976089630206014 0 1 0.8450953023143297
357 0.481422865771795 0.518577134228205 1 0 0.8446978540335229
358 0.4694634162259077 0.5305365837740921 1 0 0.8443006044271837
359 0.4536644990939628 0.5463355009060369 1 1 0.8439035533959999
360 0.45960465908668174 0.5403953409133184 1 1 0.8435067008407084
361 0.4797578358488285 0.5202421641511714 1 1 0.8431100466620963
362 0.475440923118799 0.5245590768812013 1 1 0.842713590761
363 0.47906674659996157 0.5209332534000382 1 1 0.8423173330383056
364 0.4816231858191382 0.518376814180862 1 0 0.8419212733949486
365 0.46240665888077565 0.5375933411192243 1 0 0.841525411731914
366 0.4721375096763835 0.5278624903236163 1 0 0.8411297479502364
367 0.44249727071015704 0.5325429106736168 1 1 0.840734281951
368 0.45512735853077624 0.5448726414692237 1 0 0.8403390136353381
369 0.47925805397964805 0.5207419460203517 1 0 0.8399439429044339
370 0.4453676703016864 0.554632329698314 1 1 0.8395490696595194
371 0.48092978041993434 0.5190702195800654 1 0 0.8391543938018764
372 0.48364392157702524 0.5163560784229747 1 0 0.838759915232836
373 0.48442634944144375 0.5155736505585559 1 0 0.8383656338537786
374 0.4557370336663631 0.544262966333637 1 0 0.8379715495661337
375 0.4816490808520275 0.5183509191479726 1 0 0.8375776622713803
376 0.48164499883061185 0.518355001169388 1 0 0.8371839718710465
377 0.4525379668164384 0.547462033183561 1 1 0.8367904782667099
378 0.47069674986415005 0.5293032501358498 1 0 0.836397181359997
379 0.48842745808653826 0.5115725419134612 1 0 0.8360040810525834
380 0.5034574178941454 0.4965425821058542 0 0 0.8356111772461942
381 0.4821663161754674 0.5178336838245328 1 0 0.8352184698426034
382 0.5090678165075306 0.4909321834924694 0 0 0.8348259587436342
383 0.49488435058934416 0.5051156494106557 1 1 0.8344336438511587
384 0.4769291967590471 0.5230708032409527 1 0 0.8340415250670983
385 0.4994695341420061 0.5005304658579939 1 0 0.8336496022934232
386 0.4985132333420981 0.47442343720687297 0 0 0.8332578754321528
387 0.5475944977257446 0.4524055022742554 0 0 0.8328663443853553
388 0.5678855602996055 0.43211443970039426 0 0 0.832475009055148
389 0.5634405006753695 0.43655949932463045 0 1 0.8320838693436969
390 0.5381700387336604 0.4618299612663401 0 0 0.8316929251532175
391 0.5575425606946623 0.4424574393053376 0 0 0.8313021763859733
392 0.550079502635863 0.4499204973641371 0 1 0.8309116229442772
393 0.5211859613875425 0.4788140386124576 0 0 0.830521264730491
394 0.5011955451454259 0.49880445485457436 0 0 0.8301311016470251
395 0.4288540268283775 0.5711459731716229 1 1 0.8297411335963385
396 0.5239882958587446 0.4760117041412555 0 0 0.8293513604809395
397 0.4899268837666332 0.48288065905372624 0 0 0.8289617822033846
398 0.5520847588456724 0.44791524115432757 0 1 0.8285723986662793
399 0.4882013580233341 0.5117986419766662 1 0 0.8281832097722779
400 0.5511765641138431 0.44882343588615703 0 0 0.8277942154240827
401 0.5952221682781451 0.404777831721855 0 0 0.8274054155244457
402 0.5705437004681383 0.42945629953186176 0 0 0.8270168099761664
403 0.5481163422876544 0.45188365771234573 0 0 0.8266283986820938
404 0.4000616037454507 0.5999383962545496 1 0 0.8262401815451248
405 0.7080688219781844 0.29193117802181556 0 0 0.8258521584682053
406 0.6144568943179776 0.38554310568202277 0 0 0.8254643293543295
407 0.8127862244316995 0.18721377556830063 0 0 0.8250766941065399
408 0.7977324197961536 0.20226758020384644 0 0 0.824689252627928
409 0.21039073837347103 0.7896092616265289 1 1 0.8243020048216333
410 0.1833993240763214 0.8166006759236788 1 1 0.8239149505908439
411 0.8448606259190525 0.15513937408094752 0 1 0.823528089838796
412 0.720247148475451 0.2797528515245483 0 0 0.8231414224687746
413 0.441697140480832 0.5583028595191679 1 0 0.822754948384113
414 0.7433302952109678 0.25666970478903245 0 0 0.8223686674881925
415 0.6701495290712496 0.32985047092875003 0 1 0.8219825796844428
416 0.6451304422899424 0.3548695577100571 0 0 0.821596684876342
417 0.6445761627705263 0.3290677478257477 0 1 0.8212109829674166
418 0.6068838706999989 0.3931161293000009 0 0 0.8208254738612408
419 0.5596589241676875 0.4403410758323127 0 0 0.8204401574614376
420 0.7167361757859805 0.2832638242140196 0 0 0.8200550336716778
421 0.6849898409203711 0.31501015907962926 0 0 0.8196701023956803
422 0.8168095186922452 0.18319048130775503 0 0 0.8192853635372125
423 0.8111875831600601 0.16284152978818717 0 1 0.8189008170000895
424 0.2531735972729018 0.7209095892572175 1 0 0.8185164626881748
425 0.6261361776230735 0.37386382237692667 0 0 0.8181323005053798
426 0.7236572160124122 0.2763427839875876 0 0 0.817748330355664
427 0.7976552197734738 0.20234478022652638 0 0 0.8173645521430347
428 0.7683387192583269 0.2316612807416731 0 1 0.8169809657715474
429 0.7188545951093082 0.2811454048906921 0 0 0.8165975711453055
430 0.6672414123190736 0.3327585876809266 0 0 0.8162143681684605
431 0.7760654685966816 0.2239345314033182 0 0 0.8158313567452115
432 0.8382275501883479 0.16177244981165215 0 0 0.8154485367798057
433 0.7871004733099147 0.2128995266900854 0 0 0.8150659081765381
434 0.9315602842190247 0.06843971578097505 0 0 0.8146834708397515
435 0.8323356895580059 0.16766431044199426 0 0 0.8143012246738365
436 0.9396495276976088 0.06035047230239131 0 1 0.8139191695832316
437 0.6240321377056693 0.3759678622943305 0 1 0.8135373054724233
438 0.7670654204528011 0.23293457954719876 0 0 0.8131556322459452
439 0.6073546670783464 0.39264533292165316 0 0 0.8127741498083791
440 0.7069231575831997 0.29307684241680015 0 0 0.8123928580643546
441 0.8426116590321391 0.15738834096786147 0 0 0.8120117569185484
442 0.8913394270756559 0.10866057292434406 0 0 0.8116308462756855
443 0.9320358521237324 0.06796414787626748 0 1 0.8112501260405381
444 0.615343424393635 0.3846565756063652 0 1 0.8108695961179262
445 0.5928774945491195 0.4071225054508804 0 0 0.8104892564127174
446 0.6600511688748247 0.32103944186428957 0 0 0.8101091068298264
447 0.7550810686534319 0.2259718352280173 0 0 0.8097291472742162
448 0.800835117263837 0.1991648827361628 0 0 0.8093493776508969
449 0.7256498692867702 0.27435013071323 0 0 0.8089697978649257
450 0.8905180105262507 0.1094819894737491 0 0 0.8085904078214082
451 0.9627945468822652 0.03720545311773541 0 0 0.8082112074254965
452 0.8393491821190634 0.16065081788093666 0 0 0.8078321965823906
453 0.8819950858874187 0.11800491411258131 0 0 0.8074533751973377
454 0.9686158955957724 0.031384104404227696 0 0 0.8070747431756327
455 0.6974998817591577 0.3025001182408426 0 0 0.8066963004226173
456 0.9793631813938889 0.020636818606111634 0 0 0.8063180468436811
457 0.5702457444603273 0.4297542555396725 0 1 0.8059399823442605
458 0.9219435859620406 0.07805641403795902 0 0 0.8055621068298392
459 0.7220734116084289 0.27792658839157086 0 1 0.8051844202059488
460 0.7878632780282552 0.21213672197174474 0 0 0.8048069223781673
461 0.9398118460030221 0.06018815399697795 0 0 0.8044296132521204
462 0.9543348549856807 0.04566514501431909 0 0 0.8040524927334806
463 0.7729113598418502 0.2270886401581498 0 1 0.803675560727968
464 0.8646067703183179 0.13539322968168202 0 0 0.8032988171413495
465 0.7454721145930547 0.25452788540694493 0 0 0.8029222618794393
466 0.7740849030272027 0.22591509697279732 0 0 0.8025458948480984
467 0.9599855835520229 0.040014416447976986 0 0 0.802169715953235
468 0.9321742289023002 0.06782577109770009 0 0 0.8017937251008047
469 0.9985429941041801 0.0014570058958196528 0 0 0.8014179221968095
470 0.9918275540412653 0.008172445958734148 0 0 0.8010423071472988
471 0.984952480875749 0.015047519124251126 0 1 0.8006668798583688
472 0.7576392718985807 0.24236072810141937 0 0 0.8002916402361626
473 0.9384165449270535 0.061583455072946165 0 0 0.7999165881868704
474 0.8830036742158403 0.11699632578416008 0 0 0.7995417236167291
475 0.977937121528856 0.02206287847114394 0 0 0.7991670464320229
476 0.19670958235455271 0.8032904176454476 1 1 0.7987925565390819
477 0.9591639965975609 0.040836003402439196 0 0 0.7984182538442841
478 0.8916190145108505 0.10838098548914962 0 0 0.7980441382540535
479 0.923382955433199 0.07661704456680136 0 0 0.7976702096748615
480 0.9598575866969207 0.04014241330307915 0 1 0.7972964680132258
481 0.8414814976679365 0.15851850233206388 0 0 0.7969229131757108
482 0.7924931770205046 0.2075068229794954 0 0 0.7965495450689283
483 0.8703539252129736 0.11347426697159957 0 1 0.7961763635995357
484 0.7521182353553119 0.23172994126873228 0 1 0.7958033686742381
485 0.3036340377374026 0.6802534618033323 1 1 0.7954305601997864
486 0.7445921029692701 0.23951659731652208 0 1 0.7950579380829786
487 0.7628622924301758 0.23713770756982416 0 0 0.7946855022306593
488 0.7939173795059709 0.2060826204940291 0 0 0.7943132525497194
489 0.8168904075856894 0.18310959241431082 0 0 0.7939411889470965
490 0.7528089089913388 0.24719109100866146 0 0 0.7935693113297747
491 0.367687097041212 0.6323129029587876 1 1 0.7931976196047847
492 0.7341561071375777 0.26584389286242227 0 0 0.7928261136792034
493 0.8865150067375563 0.11348499326244404 0 0 0.7924547934601545
494 0.909593693119355 0.09040630688064501 0 1 0.7920836588548077
495 0.7636464454270651 0.23635355457293483 0 0 0.7917127097703794
496 0.8060835796229818 0.1939164203770184 0 0 0.7913419461141326
497 0.6632927908539981 0.33670720914600216 0 1 0.7909713677933762
498 0.5066732589127273 0.49332674108727287 0 0 0.7906009747154654
499 0.5999725967065027 0.4000274032934978 0 0 0.7902307667878021
500 0.41174273041580195 0.588257269584198 1 1 0.7898607439178347
501 0.6871458043961621 0.2924639025077105 0 0 0.7894909060130568
502 0.8458133737128698 0.13374877133387897 0 0 0.7891212529810094
503 0.11050496873192149 0.869049546163102 1 1 0.7887517847292792
504 0.894597814443167 0.10540218555683316 0 0 0.7883825011654988
505 0.28802599430821507 0.6919517451977076 1 0 0.7880134021973477
506 0.8657515652895436 0.1342484347104568 0 0 0.7876444877325509
507 0.957018864926377 0.04298113507362346 0 0 0.7872757576788799
508 0.8245849109665838 0.1754150890334162 0 0 0.7869072119441523
509 0.6683102009734723 0.3316897990265277 0 0 0.7865388504362313
510 0.8277085378584939 0.17229146214150612 0 0 0.7861706730630269
511 0.7934004593132955 0.2065995406867044 0 0 0.7858026797324945
512 0.8217461747646024 0.17825382523539743 0 0 0.7854348703526359
513 0.9763738075904905 0.023626192409510076 0 0 0.7850672448314988
514 0.626600558883879 0.35673449890723247 0 0 0.7846998030771766
515 0.9205653621883566 0.06282440273533445 0 0 0.784332544997809
516 0.9616601214463871 0.03833987855361241 0 0 0.7839654705015816
517 0.651672363995388 0.3483276360046118 0 1 0.7835985794967256
518 0.8668441819844278 0.13315581801557203 0 0 0.7832318718915182
519 0.8719260633422361 0.1280739366577641 0 0 0.7828653475942827
520 0.6767195424375482 0.3232804575624515 0 0 0.782499006513388
521 0.5057640817205534 0.49423591827944674 0 1 0.7821328485572486
522 0.9491718611989046 0.0326439774311465 0 0 0.7817668736343252
523 0.8639228209633137 0.1179459405550919 0 0 0.7814010816531239
524 0.9388249885478002 0.061175011452200036 0 0 0.7810354725221971
525 0.5177691518857936 0.4822308481142064 0 1 0.780670046150142
526 0.9733874868321504 0.026612513167849846 0 0 0.7803048024456023
527 0.5194801008033907 0.48051989919660953 0 1 0.7799397413172671
528 0.9533909897586195 0.046609010241380575 0 0 0.7795748626738708
529 0.9327970935435037 0.04772696803970093 0 0 0.7792101664241943
530 0.9689733789711005 0.031026621028899692 0 0 0.7788456524770629
531 0.8416769412039075 0.15832305879609243 0 0 0.7784813207413486
532 0.9714441073149673 0.02855589268503327 0 0 0.7781171711259682
533 0.9913353270485461 0.00866467295145385 0 0 0.7777532035398844
534 0.9217020822421026 0.0010058072769191474 0 0 0.7773894178921053
535 0.7784917767767806 0.22150822322321928 0 0 0.7770258140916845
536 0.4447929605053196 0.5552070394946805 1 1 0.7766623920477208
537 0.6967060987841891 0.28427463640341594 0 1 0.776299151669359
538 0.554581405064707 0.42560658814845087 0 1 0.775936092865789
539 0.5488036994455273 0.43152282424468175 0 0 0.7755732155462459
540 0.4560489397925021 0.5048069432434492 1 1 0.7752105196200105
541 0.4285795180052142 0.5714204819947858 1 0 0.7748480049964088
542 0.5198072490211049 0.4801927509788949 0 1 0.7744856715848121
543 0.8047260843969476 0.19527391560305238 0 0 0.7741235192946371
544 0.8103287925308291 0.17026375178254513 0 0 0.7737615480353457
545 0.5703171655696612 0.4105700347912526 0 0 0.773399757716445
546 0.8171195761397254 0.16373489557675308 0 0 0.7730381482474876
547 0.5066038096200749 0.47595489976691496 0 1 0.7726767195380709
548 0.6038190597027773 0.3769291118805896 0 1 0.772315471497838
549 0.685396699007325 0.3146033009926753 0 0 0.7719544040364766
550 0.7558647733490474 0.22559803176503054 0 0 0.77159351706372
551 0.453895926587124 0.5461040734128763 1 0 0.7712328104893466
552 0.851902053553979 0.14809794644602065 0 0 0.7708722842231793
553 0.8840708655991222 0.11592913440087789 0 0 0.770511938175087
554 0.820300565430526 0.12343689974079945 0 0 0.7701517722549829
555 0.9395884114369636 0.06041158856303684 0 0 0.7697917863728256
556 0.2396095098461188 0.7228991173785284 1 0 0.7694319804386187
557 0.8349762447183751 0.14995716946729204 0 0 0.7690723543624107
558 0.44082444728351455 0.5591755527164856 1 1 0.768712908054295
559 0.9171329514262446 0.08286704857375557 0 0 0.76835364142441
560 0.9457512859598409 0.03646447286275854 0 0 0.7679945543829392
561 0.986548172107005 0.013451827892995595 0 0 0.7676356468401107
562 0.4747134870002536 0.5252865129997466 1 1 0.7672769187061976
563 0.9557284673988243 0.04427153260117568 0 0 0.7669183698915178
564 0.9474313564435957 0.05256864355640456 0 0 0.7665600003064346
565 0.9010840460061827 0.08056964821455717 0 0 0.7662018098613548
566 0.9449545434114207 0.036714844537140905 0 0 0.7658437984667313
567 0.21996027699608323 0.7800397230039169 1 1 0.7654859660330613
568 0.7459399295020458 0.2540600704979542 0 1 0.7651283124708864
569 0.4900430748333658 0.5099569251666344 1 1 0.7647708376907933
570 0.7470063924525587 0.21512364579722848 0 0 0.7644135416034135
571 0.5196556309845616 0.4420305607817285 0 0 0.7640564241194228
572 0.8547524116919734 0.1263245452113258 0 0 0.7636994851495418
573 0.7712159355360376 0.22878406446396232 0 1 0.7633427246045357
574 0.7501848848165793 0.24981511518342056 0 0 0.7629861423952146
575 0.8601008146009897 0.12111593749620331 0 0 0.7626297384324328
576 0.9090865311827057 0.09091346881729422 0 0 0.7622735126270892
577 0.8558122417130332 0.14418775828696748 0 0 0.7619174648901277
578 0.5642767981769851 0.4357232018230151 0 0 0.7615615951325359
579 0.36053063750201697 0.6394693624979831 1 1 0.7612059032653468
580 0.47875406982064217 0.5212459301793583 1 0 0.760850389199637
581 0.8738008408801381 0.09159068119880799 0 1 0.7604950528465283
582 0.4524448455614925 0.5475551544385076 1 0 0.7601398941171865
583 0.39138523410564013 0.5924198086609372 1 0 0.7597849129228219
584 0.8134748539869385 0.18652514601306142 0 0 0.7594301091746893
585 0.8285652133435749 0.02322001289705814 0 0 0.7590754827840877
586 0.8784303271625379 0.1215696728374621 0 0 0.7587210336623604
587 0.8208248173102677 0.17917518268973245 0 1 0.7583667617208953
588 0.7243176274841985 0.27568237251580174 0 0 0.7580126668711242
589 0.5432359396306777 0.4021282411155994 0 0 0.7576587490245236
590 0.8454254260848506 0.15457457391514967 0 0 0.7573050080926139
591 0.9174578961009837 0.0825421038990165 0 0 0.75695144398696
592 0.2874627383126921 0.7125372616873082 1 1 0.7565980566191707
593 0.8386651195517586 0.14674891928607742 0 0 0.7562448459008991
594 0.5600389716139829 0.42536380613111857 0 0 0.7558918117438429
595 0.9645713218606737 0.0014618666916335174 0 0 0.7555389540597433
596 0.3934037611220815 0.5920059749994159 1 0 0.7551862727603856
597 0.8437219510578524 0.09022168274187545 0 0 0.7548337677576
598 0.46774668631936883 0.5322533136806312 1 0 0.75448143896326
599 0.6211485352680756 0.37885146473192466 0 0 0.7541292862892833
600 0.8687179103457309 0.11036716459017208 0 0 0.753777309647632
601 0.9781865318489273 0.0009237281219962037 0 0 0.7534255089503117
602 0.9773648806283707 0.0017697278000043798 0 0 0.7530738841093723
603 0.9990573407240831 0.0009426592759172895 0 0 0.7527224350369075
604 0.49593188047087317 0.5040681195291269 1 0 0.7523711616450554
605 0.9964724669192172 0.0035275330807830905 0 0 0.7520200638459971
606 0.6922138437683275 0.30778615623167277 0 0 0.7516691415519585
607 0.95182715470641 0.04817284529359014 0 0 0.7513183946752089
608 0.9956198442336962 0.004380155766303562 0 0 0.7509678231280615
609 0.6394918689585917 0.3605081310414088 0 0 0.7506174268228738
610 0.9417978337482255 0.0582021662517752 0 0 0.7502672056720464
611 0.6822822288013051 0.317717771198695 0 0 0.749917159588024
612 0.6536296920480396 0.31346316234511734 0 0 0.7495672884832951
613 0.4965340338610492 0.5034659661389508 1 0 0.7492175922703921
614 0.8047264585171204 0.1952735414828793 0 0 0.7488680708618907
615 0.8203358021382736 0.17966419786172635 0 0 0.7485187241704107
616 0.9327704138687845 0.048837837984771634 0 1 0.7481695521086154
617 0.0761590765978929 0.5612478096800034 1 0 0.7478205545892116
618 0.9027067688490581 0.06025910329069862 0 0 0.7474717315249502
619 0.5272550759587294 0.4351532463243677 0 1 0.7471230828286254
620 0.13561021006182788 0.846106311440393 1 0 0.7467746084130747
621 0.6349058295914589 0.3650941704085413 0 1 0.7464263081911799
622 0.5866235963869206 0.37926347135882876 0 0 0.7460781820758658
623 0.5847815458336476 0.3447709138556897 0 1 0.7457302299801009
624 0.8715268695561084 0.12847313044389208 0 1 0.745382451816897
625 0.2210016885248848 0.7612187359200321 1 0 0.7450348474993097
626 0.49835413244921745 0.4869389745336922 0 1 0.7446874169404379
627 0.7819942271637026 0.21800577283629766 0 0 0.744340160053424
628 0.3350329004747513 0.6496549056663379 1 1 0.7439930767514537
629 0.7847366017200222 0.21526339827997742 0 0 0.7436461669477562
630 0.4476886802642276 0.5523113197357722 1 0 0.743299430555604
631 0.7932186199131699 0.20678138008683034 0 0 0.742952867488313
632 0.7263546942349905 0.24141726000933347 0 0 0.7426064776592426
633 0.7682639489906826 0.18451962853715217 0 0 0.7422602609817952
634 0.7165952492246983 0.28340475077530203 0 1 0.7419142173694167
635 0.7777620399405551 0.22223796005944474 0 0 0.741568346735596
636 0.4311673035886951 0.5688326964113047 1 0 0.7412226489938657
637 0.7040926317516407 0.2959073682483593 0 1 0.7408771240578012
638 0.47355234870419205 0.5264476512958081 1 1 0.7405317718410214
639 0.485764598085407 0.5142354019145929 1 1 0.740186592257188
640 0.4435592846187422 0.5374274541871606 1 0 0.7398415852200064
641 0.5440497333744276 0.4368462020336348 0 0 0.7394967506432246
642 0.4948641689609421 0.5051358310390583 1 0 0.7391520884406341
643 0.6631592407359618 0.3368407592640384 0 0 0.7388075985260694
644 0.6393268606184385 0.3413480454797852 0 0 0.7384632808134077
645 0.5362816877462021 0.46371831225379795 0 1 0.7381191352165699
646 0.4744495222287967 0.5255504777712033 1 0 0.7377751616495195
647 0.7292100091649312 0.2707899908350692 0 0 0.7374313600262631
648 0.508299355589431 0.49170064441056954 0 0 0.7370877302608503
649 0.6129478944230523 0.3707636394017431 0 1 0.7367442722673737
650 0.6218220505960503 0.24633896099462704 0 0 0.7364009859599686
651 0.4588187113924402 0.5217047747873123 1 0 0.7360578712528136
652 0.5192771674769676 0.4611463092386001 0 1 0.7357149280601301
653 0.5313680744948607 0.46863192550513955 0 0 0.735372156296182
654 0.7453212931088422 0.2546787068911577 0 0 0.7350295558752767
655 0.7733665311720312 0.2266334688279687 0 0 0.7346871267117638
656 0.7780570723702623 0.2219429276297374 0 0 0.7343448687200363
657 0.7391667111222231 0.034937658655892205 0 0 0.7340027818145295
658 0.4471068638706313 0.5528931361293693 1 0 0.7336608659097217
659 0.8613634177286412 0.13863658227135875 0 0 0.7333191209201338
660 0.7075881175250119 0.2924118824749882 0 0 0.7329775467603299
661 0.7989091339981944 0.20109086600180584 0 1 0.7326361433449161
662 0.7391979169716373 0.2608020830283627 0 0 0.7322949105885418
663 0.811463480862705 0.1319540123527891 0 0 0.7319538484058986
664 0.5472907021857858 0.3960471790995092 0 1 0.7316129567117211
665 0.828053429236296 0.15350613503903507 0 0 0.7312722354207863
666 0.4067846473670615 0.5747211671074477 1 0 0.730931684447914
667 0.49036044548271884 0.5096395545172809 1 0 0.7305913037079662
668 0.6186038092519418 0.38139619074805786 0 0 0.7302510931158481
669 0.6462526807783638 0.35374731922163594 0 1 0.7299110525865067
670 0.3916173474343815 0.6083826525656187 1 1 0.7295711820349319
671 0.7686737623343053 0.23132623766569504 0 1 0.7292314813761562
672 0.43311029019998515 0.5668897098000149 1 0 0.7288919505252545
673 0.3829200152211005 0.6170799847788995 1 0 0.7285525893973438
674 0.7215592712822407 0.2784407287177589 0 0 0.728213397907584
675 0.6933915861133387 0.3066084138866615 0 0 0.7278743759711773
676 0.3229931401363627 0.6770068598636374 1 1 0.7275355235033681
677 0.7207825773258516 0.2792174226741483 0 0 0.7271968404194433
678 0.6684355733299078 0.27779959933256154 0 0 0.7268583266347322
679 0.3288476205818024 0.5974670159895291 1 0 0.7265199820646062
680 0.7923649827053868 0.18759584695818818 0 0 0.7261818066244792
681 0.6379097438676219 0.362090256132378 0 1 0.7258438002298074
682 0.5898483956034195 0.410151604396581 0 0 0.7255059627960893
683 0.7145313726250795 0.28546862737492085 0 0 0.7251682942388652
684 0.6277933462251983 0.3722066537748013 0 0 0.7248307944737185
685 0.6350317847991974 0.36496821520080236 0 0 0.7244934634162736
686 0.9293933666036934 0.07060663339630611 0 0 0.7241563009821983
687 0.7917424968013389 0.20825750319866143 0 0 0.7238193070872015
688 0.28845139735650577 0.7115486026434943 1 1 0.7234824816470352
689 0.9116064194417416 0.08839358055825826 0 0 0.7231458245774928
690 0.8425738701793566 0.13839285293289175 0 0 0.72280933579441
691 0.6909100988566713 0.29008638238702406 0 0 0.7224730152136646
692 0.9592531096693923 0.04074689033060736 0 0 0.7221368627511766
693 0.5345433670769634 0.4654566329230365 0 1 0.7218008783229077
694 0.8235671195915024 0.17643288040849728 0 0 0.721465061844862
695 0.5823682703913267 0.41763172960867334 0 1 0.7211294132330852
696 0.6616171065801592 0.3383828934198408 0 0 0.7207939324036652
697 0.8414123287464442 0.15858767125355608 0 0 0.7204586192727317
698 0.5798284780170357 0.4201715219829641 0 0 0.7201234737564566
699 0.1413438036669959 0.8586561963330044 1 1 0.7197884957710535
700 0.9238897482277175 0.07611025177228227 0 0 0.7194536852327778
701 0.5239238676004492 0.4760761323995504 0 0 0.7191190420579268
702 0.5554626220033339 0.44453737799666615 0 1 0.7187845661628398
703 0.3699011936675434 0.6300988063324567 1 0 0.7184502574638979
704 0.9084547222759797 0.09154527772402074 0 0 0.7181161158775239
705 0.7916262233340295 0.20837377666597037 0 0 0.7177821413201823
706 0.9202445510652585 0.07975544893474151 0 0 0.7174483337083795
707 0.7757779004904052 0.22422209950959532 0 0 0.7171146929586635
708 0.90832512869688 0.09167487130312 0 1 0.7167812189876244
709 0.4820625123329219 0.5179374876670779 1 0 0.7164479117118934
710 0.4589640803534147 0.5034638305280517 1 1 0.7161147710481438
711 0.07769633873887738 0.9223036612611228 1 1 0.7157817969130904
712 0.6494654097894568 0.33046974986140876 0 1 0.7154489892234898
713 0.5603836363932456 0.439616363606754 0 1 0.7151163478961399
714 0.6671987645983053 0.33280123540169493 0 1 0.7147838728478805
715 0.4865912212441333 0.5134087787558667 1 1 0.7144515639955927
716 0.4535185836736195 0.5464814163263808 1 0 0.7141194212561994
717 0.4758384335772776 0.5064506889140178 1 0 0.7137874445466649
718 0.4843822509028314 0.5156177490971688 1 0 0.7134556337839949
719 0.5289415646043446 0.4710584353956555 0 1 0.7131239888852369
720 0.525760031372003 0.45758483451343923 0 1 0.7127925097674795
721 0.61494763522105 0.3850523647789501 0 0 0.7124611963478531
722 0.550264673651684 0.4497353263483163 0 0 0.7121300485435291
723 0.5570677403591285 0.4429322596408716 0 0 0.7117990662717207
724 0.603974812142735 0.39602518785726504 0 0 0.7114682494496825
725 0.6601720537485681 0.33982794625143187 0 0 0.7111375979947099
726 0.5755805900054993 0.4244194099945006 0 1 0.7108071118241404
727 0.5039043367071271 0.4960956632928725 0 0 0.7104767908553521
728 0.46623268437664817 0.5337673156233522 1 1 0.7101466350057651
729 0.5657387554884995 0.43426124451150105 0 1 0.7098166441928402
730 0.5897259389715278 0.391216601253893 0 0 0.70948681833408
731 0.5850113144839748 0.37685811784819995 0 0 0.7091571573470277
732 0.5576263032403546 0.44237369675964555 0 0 0.7088276611492681
733 0.47013544250788514 0.5298645574921145 1 1 0.7084983296584272
734 0.5963698999635808 0.40363010003641914 0 0 0.7081691627921721
735 0.3175636117832332 0.646148849881958 1 1 0.7078401604682113
736 0.5819622573243276 0.41803774267567223 0 0 0.7075113226042938
737 0.5250715196615301 0.1223549291502586 0 0 0.7071826491182106
738 0.3118930070204614 0.6518205834322611 1 1 0.7068541399277931
739 0.41365627062802696 0.5863437293719731 1 1 0.7065257949509139
740 0.4344856729296716 0.5655143270703283 1 1 0.706197614105487
741 0.5258538966734441 0.47414610332655616 0 0 0.7058695973094669
742 0.46222094368084854 0.5377790563191515 1 0 0.7055417444808496
743 0.5976924185987594 0.40230758140124057 0 0 0.7052140555376718
744 0.6452414291222386 0.35475857087776147 0 0 0.7048865303980113
745 0.476721319565238 0.5232786804347619 1 0 0.7045591689799868
746 0.6126130122573826 0.3873869877426172 0 0 0.704231971201758
747 0.6801603562387805 0.31983964376121937 0 0 0.7039049369815255
748 0.4410363432683133 0.558963656731687 1 0 0.7035780662375305
749 0.6719863488272809 0.3280136511727194 0 1 0.7032513588880555
750 0.605149970656924 0.3765440541802769 0 0 0.7029248148514237
751 0.6291599236267393 0.33374601047213115 0 1 0.7025984340459989
752 0.55117008726361 0.4121355749993444 0 0 0.702272216390186
753 0.4305715935829842 0.5324757868076858 1 0 0.7019461618024306
754 0.6135437900932603 0.38645620990673973 0 0 0.7016202702012192
755 0.32853070506113424 0.6714692949388659 1 1 0.7012945415050786
756 0.28836896777901816 0.6555694261110722 1 1 0.7009689756325769
757 0.347719710467396 0.6522802895326041 1 1 0.7006435725023222
758 0.5950531871780899 0.4049468128219106 0 0 0.7003183320329643
759 0.6104856631777948 0.3895143368222056 0 1 0.6999932541431928
760 0.6577936410849984 0.3422063589150014 0 0 0.6996683387517381
761 0.5961345800652349 0.3864272202006542 0 0 0.6993435857773715
762 0.48387346041583446 0.516126539584166 1 0 0.6990189951389048
763 0.6918693399107305 0.3081306600892699 0 0 0.6986945667551901
764 0.5787666868719138 0.4212333131280863 0 0 0.6983703005451206
765 0.728008599376517 0.271991400623483 0 1 0.6980461964276296
766 0.2883215544001117 0.6919523805192775 1 1 0.697722254321691
767 0.36631066033341825 0.6336893396665818 1 1 0.6973984741463195
768 0.4979262693150533 0.5020737306849468 1 1 0.6970748558205697
769 0.2955611062713108 0.6885812242250124 1 1 0.6967513992635375
770 0.6663685021507046 0.28051504357883245 0 0 0.6964281043943583
771 0.4588364487807453 0.35537568214045734 0 0 0.6961049711322086
772 0.4240535371834408 0.5383808146194897 1 1 0.695781999396305
773 0.615988181140391 0.3840118188596093 0 1 0.6954591891059047
774 0.2774383317327833 0.7066302516508493 1 0 0.6951365401803049
775 0.33205490590051023 0.6155922209571651 1 1 0.6948140525388437
776 0.45764055830528866 0.5250536177953322 1 0 0.6944917261008988
777 0.4166654844402533 0.5499962918428268 1 1 0.6941695607858889
778 0.5348055715485872 0.4651944284514125 0 0 0.6938475565132726
779 0.5941234594007695 0.4058765405992309 0 0 0.6935257132025486
780 0.39607657739183616 0.6039234226081639 1 1 0.6932040307732564
781 0.5117657415173148 0.4882342584826852 0 0 0.6928825091449753
782 0.6235540275661272 0.3764459724338729 0 0 0.6925611482373247
783 0.5368836764392059 0.4631163235607943 0 0 0.6922399479699646
784 0.25743732122106827 0.7425626787789317 1 0 0.6919189082625947
785 0.40523402209979004 0.5740648754609732 1 1 0.6915980290349553
786 0.6355417254974669 0.3644582745025329 0 0 0.6912773102068266
787 0.30849550739205367 0.6915044926079467 1 1 0.6909567516980287
788 0.677861553829585 0.32213844617041476 0 0 0.690636353428422
789 0.4097672690590514 0.5902327309409489 1 1 0.690316115317907
790 0.4050148083726652 0.594985191627335 1 1 0.6899960372864243
791 0.5784937146933475 0.4215062853066529 0 0 0.6896761192539541
792 0.7896167179000417 0.21038328209995816 0 0 0.6893563611405171
793 0.48765684154178013 0.5123431584582199 1 0 0.6890367628661737
794 0.5984757853064934 0.383741989587017 0 0 0.6887173243510244
795 0.6156612869687174 0.3843387130312827 0 0 0.6883980455152096
796 0.4374226895353144 0.5446155140722728 1 1 0.6880789262789093
797 0.23360808470995365 0.7458615830524814 1 0 0.687759966562344
798 0.6444745580590997 0.3358263216255184 0 1 0.6874411662857736
799 0.6518679376530094 0.3481320623469907 0 0 0.6871225253694981
800 0.3059539973137089 0.6940460026862911 1 0 0.6868040437338574
801 0.5135811904962898 0.48641880950371064 0 0 0.6864857212992308
802 0.49552605264913785 0.5044739473508619 1 1 0.6861675579860379
803 0.45172469049924524 0.5482753095007546 1 0 0.6858495537147378
804 0.5958198358235925 0.38701555205448124 0 1 0.6855317084058294
805 0.30231380084124243 0.6976861991587572 1 1 0.6852140219798515
806 0.45861252731466734 0.4717167780783692 1 1 0.6848964943573823
807 0.4371891412315307 0.5628108587684698 1 1 0.6845791254590401
808 0.5023650592889628 0.4976349407110373 0 1 0.6842619152054825
809 0.5572608735105555 0.38664128273138576 0 0 0.683944863517407
810 0.5940394233014546 0.4059605766985459 0 0 0.6836279703155507
811 0.31058667996912376 0.6894133200308761 1 1 0.6833112355206903
812 0.5363450512305133 0.4636549487694867 0 1 0.6829946590536421
813 0.74201400029073 0.1255844370259881 0 0 0.6826782408352619
814 0.40203595772164696 0.5803620637478204 1 0 0.6823619807864452
815 0.6421096511739904 0.3401178863958322 0 0 0.682045878828127
816 0.6080616799019798 0.39193832009801993 0 0 0.6817299348812819
817 0.43365180467363124 0.5663481953263689 1 0 0.6814141488669236
818 0.3488258478647703 0.5948294336015031 1 1 0.6810985207061059
819 0.6150817659783615 0.38491823402163816 0 0 0.6807830503199217
820 0.5815381691522656 0.4184618308477345 0 0 0.6804677376295034
821 0.31176948107359964 0.669945551226885 1 1 0.6801525825560227
822 0.4630230084636834 0.5369769915363164 1 0 0.679837585020691
823 0.5840119031553376 0.41598809684466237 0 1 0.6795227449447588
824 0.6243007505934454 0.37569924940655497 0 0 0.6792080622495161
825 0.2663485808719819 0.7336514191280186 1 0 0.6788935368562923
826 0.6135050150497687 0.3864949849502313 0 0 0.678579168686456
827 0.503162906238016 0.4968370937619837 0 0 0.678264957661415
828 0.6323750468886549 0.3676249531113446 0 0 0.6779509037026168
829 0.7741844495256509 0.225815550474349 0 0 0.6776370067315478
830 0.6984359982228114 0.3015640017771884 0 0 0.6773232666697337
831 0.801127533149763 0.19887246685023724 0 0 0.6770096834387397
832 0.3600770243331246 0.5141664955946842 1 0 0.6766962569601696
833 0.24344226416014614 0.7565577358398541 1 0 0.6763829871556671
834 0.7805901142166667 0.21940988578333345 0 0 0.6760698739469146
835 0.6899713474069924 0.3100286525930077 0 0 0.675756917255634
836 0.3263196735340238 0.673680326465976 1 0 0.6754441170035859
837 0.7449227298292326 0.25507727017076753 0 0 0.6751314731125703
838 0.7333213457999803 0.2666786542000196 0 0 0.6748189855044261
839 0.4722859476239504 0.5277140523760503 1 0 0.6745066541010316
840 0.4494515215301313 0.5505484784698685 1 1 0.6741944788243039
841 0.5725775144944784 0.42742248550552203 0 1 0.6738824595961992
842 0.4743394692878364 0.5256605307121637 1 0 0.6735705963387126
843 0.792633986141036 0.20736601385896428 0 0 0.6732588889738784
844 0.6265899640636642 0.03170557023773158 0 0 0.6729473374237697
845 0.6174220634070688 0.3825779365929311 0 0 0.6726359416104986
846 0.8102591495177063 0.13409943725823728 0 0 0.6723247014562159
847 0.15421691054384312 0.8457830894561571 1 1 0.6720136168831121
848 0.6124676794116665 0.3688298137212118 0 0 0.6717026878134157
849 0.17831339763027812 0.7083097439932021 1 0 0.6713919141693944
850 0.25046717826649767 0.7307119970502296 1 0 0.671081295873355
851 0.5385076207147282 0.461492379285272 0 0 0.6707708328476427
852 0.4012237224625706 0.598776277537429 1 1 0.6704605250146418
853 0.8828709316755459 0.11712906832445463 0 0 0.6701503722967755
854 0.35744780923469754 0.6425521907653025 1 0 0.6698403746165054
855 0.44530576907652564 0.5351597842747542 1 1 0.6695305318963323
856 0.43833833532368427 0.561661664676316 1 0 0.6692208440587953
857 0.8297666712902108 0.1702333287097884 0 0 0.6689113110264727
858 0.8027195184104226 0.19728048158957787 0 1 0.6686019327219809
859 0.19327755083037038 0.8067224491696295 1 1 0.6682927090679757
860 0.24244281616515365 0.7575571838348469 1 1 0.6679836399871507
861 0.440033325928319 0.5599666740716814 1 0 0.6676747254022392
862 0.3657268266899893 0.616192550640711 1 0 0.6673659652360121
863 0.6959764814741847 0.3040235185258158 0 0 0.6670573594112795
864 0.7752375463817035 0.22476245361829694 0 0 0.6667489078508901
865 0.8654272878696044 0.11550139117442546 0 0 0.6664406104777307
866 0.07854259310158002 0.9030637933988014 1 0 0.6661324672147273
867 0.8811197517789124 0.10024714909334234 0 0 0.6658244779848439
868 0.3480002878449138 0.6519997121550857 1 1 0.665516642711083
869 0.7243039243139643 0.275696075686036 0 0 0.6652089613164862
870 0.6290629890312807 0.3515984067061736 0 0 0.6649014337241329
871 0.7919551966099934 0.13299520459941425 0 0 0.6645940598571412
872 0.8201098510549207 0.17989014894507951 0 0 0.6642868396386676
873 0.19692052587908115 0.764853023704875 1 1 0.6639797729919072
874 0.8492980214539181 0.15070197854608214 0 0 0.6636728598400933
875 0.7085939163616556 0.2914060836383447 0 1 0.6633661001064974
876 0.6881178783440527 0.3118821216559473 0 0 0.6630594937144298
877 0.43499593634051187 0.5650040636594883 1 0 0.6627530405872389
878 0.42516734949665763 0.5748326505033423 1 0 0.6624467406483112
879 0.8528665687773583 0.14713343122264183 0 0 0.6621405938210719
880 0.6051774714947612 0.39482252850523886 0 0 0.6618346000289843
881 0.28700527343854776 0.7129947265614524 1 1 0.6615287591955499
882 0.7473956562375563 0.25260434376244373 0 0 0.6612230712443085
883 0.25070831661545473 0.7315985288074159 1 1 0.660917536098838
884 0.16460203694530015 0.8178460710498557 1 0 0.6606121536827546
885 0.9026516758395486 0.0973483241604513 0 0 0.660306923919713
886 0.936383315802914 0.06361668419708623 0 0 0.6600018467334055
887 0.706696407010204 0.25431934875373524 0 0 0.6596969220475628
888 0.8973045571160979 0.10269544288390246 0 0 0.6593921497859538
889 0.6094945243855717 0.37314386475903727 0 0 0.6590875298723855
890 0.06569748207698378 0.9156954279696171 1 1 0.6587830622307028
891 0.2951098947733988 0.6874732516675859 1 0 0.6584787467847888
892 0.8153869050942378 0.1846130949057624 0 1 0.6581745834585647
893 0.3124590064281863 0.6875409935718135 1 1 0.6578705721759897
894 0.21059318826372767 0.7714863874845419 1 0 0.6575667128610608
895 0.11286608841008049 0.8690397539857919 1 0 0.6572630054378134
896 0.8897370847622661 0.11026291523773404 0 0 0.6569594498303204
897 0.27387057108065366 0.7261294289193463 1 1 0.6566560459626931
898 0.9114136875015191 0.08858631249848138 0 0 0.6563527937590804
899 0.6887516204727444 0.311248379527256 0 0 0.6560496931436693
900 0.6501786670081535 0.34982133299184714 0 0 0.6557467440406847
901 0.5182984106441602 0.48170158935584023 0 0 0.6554439463743891
902 0.636604943744992 0.36339505625500823 0 0 0.6551413000690834
903 0.6079369866960096 0.3920630133039909 0 1 0.6548388050491059
904 0.8622293720822164 0.1377706279177837 0 0 0.6545364612388327
905 0.058813273499513756 0.9411867265004861 1 1 0.6542342685626781
906 0.6131772999047781 0.38682270009522224 0 0 0.6539322269450936
907 0.10386716077548132 0.8779705287466988 1 1 0.653630336310569
908 0.07350658176725952 0.9264934182327409 1 0 0.6533285965836317
909 0.8047320287964117 0.1952679712035886 0 0 0.6530270076888467
910 0.9636584866405067 0.03634151335949335 0 0 0.6527255695508168
911 0.7557243319522764 0.22442785690081093 0 0 0.6524242820941824
912 0.37288775697027093 0.6072698773086607 1 0 0.6521231452436216
913 0.6967351035823608 0.30326489641763915 0 0 0.6518221589238503
914 0.9051559831803256 0.09484401681967451 0 0 0.6515213230596218
915 0.2575448295038177 0.7424551704961826 1 1 0.6512206375757272
916 0.607915717397083 0.392084282602917 0 0 0.6509201023969953
917 0.8655649391706278 0.11468044908581418 0 0 0.650619717448292
918 0.14993422591659147 0.8303562497279503 1 1 0.6503194826545211
919 0.7909393599870653 0.2090606400129348 0 0 0.6500193979406241
920 0.9097051173486554 0.07248900544445519 0 0 0.6497194632315797
921 0.9390299173157088 0.060970082684291466 0 0 0.6494196784524042
922 0.8643817275291942 0.1356182724708062 0 0 0.6491200435281514
923 0.3154739578828411 0.6845260421171593 1 0 0.6488205583839127
924 0.9470218266009623 0.052978173399037556 0 0 0.6485212229448166
925 0.8993608150567143 0.10063918494328591 0 1 0.6482220371360295
926 0.9572806774471011 0.042719322552899085 0 0 0.6479230008827548
927 0.12533784094199873 0.8553695593893569 1 0 0.6476241141102334
928 0.9354202470877445 0.045111438155375265 0 0 0.6473253767437435
929 0.7424678886682173 0.25753211133178255 0 0 0.647026788708601
930 0.4910859215259594 0.5089140784740409 1 1 0.6467283499301587
931 0.2214299113805953 0.7410571390678119 1 0 0.6464300603338071
932 0.8568999056163042 0.1431000943836955 0 0 0.6461319198449736
933 0.6064321826392223 0.3742952161679503 0 1 0.6458339283891233
934 0.916767681304586 0.08323231869541392 0 0 0.6455360858917581
935 0.29646171336641974 0.7035382866335801 1 0 0.6452383922784176
936 0.4695345337071675 0.5304654662928324 1 0 0.6449408474746782
937 0.528257842166357 0.47174215783364315 0 0 0.6446434514061538
938 0.8454700338418778 0.15452996615812234 0 0 0.6443462039984952
939 0.49174915381831297 0.5082508461816871 1 1 0.6440491051773908
940 0.8379990678255641 0.14450180794085749 0 0 0.6437521548685657
941 0.11332581899162837 0.8691296493958651 1 0 0.6434553529977826
942 0.18122942977248413 0.8010626342626701 1 0 0.6431586994908406
943 0.42060220498135237 0.5793977950186484 1 1 0.6428621942735768
944 0.7057838928709638 0.2942161071290361 0 1 0.6425658372718644
945 0.6246459198840226 0.3572365900260492 0 0 0.6422696284116146
946 0.7352469711397652 0.24660459365083498 0 0 0.641973567618775
947 0.6904868624792401 0.3095131375207598 0 0 0.6416776548193303
948 0.6408210618872433 0.3591789381127567 0 0 0.6413818899393023
949 0.7857750199494059 0.21422498005059412 0 1 0.6410862729047501
950 0.46640425656701684 0.5335957434329833 1 1 0.640790803641769
951 0.548078677359585 0.4327149686408365 0 1 0.640495482076492
952 0.6440735396778279 0.355926460322172 0 0 0.6402003081350885
953 0.6153628236911909 0.38463717630880884 0 0 0.6399052817437653
954 0.23387311683490886 0.7661268831650915 1 0 0.6396104028287655
955 0.9097386329988271 0.09026136700117299 0 0 0.6393156713163693
956 0.31963822945782217 0.6803617705421782 1 1 0.6390210871328942
957 0.8594391038750129 0.14056089612498696 0 0 0.638726650204694
958 0.8616893460196826 0.13831065398031755 0 0 0.6384323604581593
959 0.44100344255253604 0.5589965574474639 1 1 0.6381382178197178
960 0.8970871802168588 0.10291281978314142 0 0 0.6378442222158338
961 0.8334099886473473 0.16659001135265247 0 0 0.6375503735730085
962 0.913556791460933 0.08644320853906698 0 0 0.6372566718177796
963 0.6439489413391161 0.3560510586608837 0 0 0.6369631168767217
964 0.9325726656572335 0.06742733434276656 0 0 0.636669708676446
965 0.7563234296883871 0.24367657031161308 0 0 0.6363764471436006
966 0.9925384699475311 0.00746153005246937 0 0 0.63608333220487
967 0.135678819974909 0.8643211800250911 1 1 0.6357903637869756
968 0.6694540153426378 0.33054598465736246 0 0 0.6354975418166752
969 0.6664501415215053 0.315607426564254 0 0 0.6352048662207632
970 0.8156303829990083 0.16639557235383087 0 1 0.6349123369260709
971 0.9251214676410356 0.07487853235896472 0 0 0.6346199538594659
972 0.9057601931150125 0.07623738328529601 0 0 0.6343277169478523
973 0.4916275417189117 0.5083724582810881 1 0 0.634035626118171
974 0.16441925994480328 0.8355807400551966 1 1 0.6337436812973992
975 0.4703444175176303 0.5131405796874384 1 0 0.6334518824125509
976 0.6516816887003283 0.330399143806445 0 0 0.6331602293906763
977 0.9035475572078757 0.07973086867522149 0 0 0.6328687221588619
978 0.4495984358182559 0.5504015641817441 1 1 0.6325773606442311
979 0.7015433574515341 0.29845664254846577 0 1 0.6322861447739436
980 0.5710929686362225 0.4289070313637777 0 0 0.6319950744751953
981 0.315756602094273 0.6638240970891255 1 1 0.6317041496752187
982 0.4024494608864187 0.5975505391135818 1 0 0.6314133703012824
983 0.3608874296284023 0.6391125703715975 1 1 0.6311227362806918
984 0.26955783100004 0.7125804789368442 1 0 0.6308322475407883
985 0.582348731423724 0.4176512685762764 0 1 0.6305419040089496
986 0.5707989591207943 0.42920104087920585 0 0 0.63025170561259
987 0.924006242633769 0.07599375736623112 0 0 0.6299616522791599
988 0.12950467060303342 0.8704953293969665 1 1 0.6296717439361458
989 0.6909481322743409 0.309051867725659 0 1 0.6293819805110707
990 0.4408225881081733 0.5591774118918267 1 1 0.6290923619314938
991 0.2733706983752019 0.7266293016247983 1 0 0.6288028881250104
992 0.6933004215364753 0.30669957846352475 0 0 0.628513559019252
993 0.5762781975757374 0.4237218024242626 0 0 0.6282243745418864
994 0.6177431105686875 0.3822568894313125 0 1 0.6279353346206175
995 0.46746507001851084 0.5325349299814892 1 0 0.6276464391831852
996 0.4351480191610928 0.5648519808389072 1 0 0.6273576881573657
997 0.4102655380695341 0.5897344619304661 1 0 0.6270690814709713
998 0.42594630266101147 0.5740536973389887 1 0 0.6267806190518502
999 0.8016383902400093 0.19836160975999068 0 0 0.6264923008278869
1000 0.45279137581636925 0.5472086241836309 1 0 0.6262041267270018
1001 0.9139612071915866 0.08603879280841367 0 0 0.6259160966771513
1002 0.4917748124756829 0.5082251875243173 1 0 0.6256282106063281
1003 0.864772245882246 0.13522775411775373 0 0 0.6253404684425605
1004 0.5463255164724669 0.43452252550240655 0 1 0.6250528701139131
1005 0.2343278334093526 0.7656721665906474 1 1 0.624765415548486
1006 0.795929758549523 0.20407024145047703 0 0 0.624478104674416
1007 0.9196839179405284 0.061362142915264026 0 0 0.6241909374198751
1008 0.5378194775729083 0.46218052242709157 0 1 0.6239039137130715
1009 0.518283245818787 0.48171675418121324 0 0 0.6236170334822493
1010 0.8311334573535374 0.13319206656930405 0 0 0.6233302966556885
1011 0.637602510752932 0.36239748924706816 0 1 0.6230437031617049
1012 0.9339860663702327 0.06601393362976753 0 0 0.62275725292865
1013 0.37771713450009303 0.6222828654999067 1 1 0.6224709458849114
1014 0.31734072482375575 0.6826592751762443 1 1 0.6221847819589121
1015 0.2582625820491985 0.7417374179508017 1 1 0.6218987610791114
1016 0.6201198980364517 0.3613821575177211 0 0 0.6216128831740039
1017 0.865105150020015 0.11638932024612367 0 0 0.6213271481721202
1018 0.6408233249747005 0.3406823321097636 0 0 0.6210415560020265
1019 0.6294109047517176 0.3705890952482825 0 0 0.6207561065923247
1020 0.8720995296358859 0.12790047036411453 0 0 0.6204707998716527
1021 0.18551088751200442 0.8144891124879955 1 1 0.6201856357686835
1022 0.7334312660473277 0.053673789527115635 0 0 0.6199006142121263
1023 0.3054379806146781 0.6945620193853224 1 0 0.6196157351307255
1024 0.48852184740102106 0.5114781525989792 1 0 0.6193309984532614
1025 0.8241456302648751 0.15671660542178015 0 0 0.6190464041085502
1026 0.9090131708198197 0.0909868291801801 0 0 0.6187619520254427
1027 0.36772155183545024 0.6322784481645501 1 0 0.6184776421328263
1028 0.3150716995005322 0.6849283004994678 1 1 0.6181934743596232
1029 0.42432874338655385 0.5756712566134459 1 0 0.617909448634792
1030 0.8494271598179423 0.1336334440052034 0 0 0.6176255648873256
1031 0.45087851061399326 0.5321524768489285 1 1 0.6173418230462535
1032 0.6885002343757326 0.29166711745118956 0 1 0.6170582230406401
1033 0.1583978425995395 0.8416021574004605 1 1 0.6167747647995855
1034 0.3049348874586793 0.6950651125413206 1 1 0.6164914482522249
1035 0.7319565536801579 0.268043446319842 0 1 0.6162082733277294
1036 0.691806880649002 0.30819311935099797 0 0 0.6159252399553051
1037 0.37389834842145825 0.6261016515785423 1 0 0.6156423480641939
1038 0.15590151259669877 0.8440984874033013 1 1 0.6153595975836726
1039 0.3360070054479575 0.6458800659953969 1 0 0.6150769884430536
1040 0.383461770869309 0.5982892574054742 1 0 0.6147945205716847
1041 0.740928246535427 0.24070419645188434 0 0 0.6145121938989488
1042 0.4356107183654639 0.5643892816345363 1 1 0.6142300083542643
1043 0.8791650476705942 0.12083495232940623 0 0 0.613947963867085
1044 0.3295307669268826 0.6704692330731182 1 1 0.6136660603668994
1045 0.8122276822155968 0.1877723177844032 0 0 0.613384297783232
1046 0.37835727915183065 0.6216427208481695 1 1 0.6131026760456418
1047 0.5725669953362584 0.42743300466374123 0 1 0.6128211950837238
1048 0.8291055115270983 0.17089448847290203 0 0 0.6125398548271073
1049 0.6825459052014887 0.2978165373028675 0 0 0.6122586552054574
1050 0.6748093631357517 0.32519063686424843 0 0 0.6119775961484744
1051 0.3346091071960746 0.6653908928039253 1 1 0.6116966775858933
1052 0.49243333775665665 0.5075666622433432 1 0 0.6114158994474844
1053 0.42145169156501566 0.5785483084349844 1 0 0.6111352616630534
1054 0.5270973734686187 0.47290262653138115 0 1 0.6108547641624407
1055 0.19362547249857226 0.8063745275014279 1 1 0.610574406875522
1056 0.8469757875522033 0.15302421244779685 0 0 0.6102941897322078
1057 0.4896563156924456 0.4919312953560155 1 0 0.6100141126624443
1058 0.3228364000164241 0.6771635999835763 1 0 0.6097341755962116
1059 0.5758541698627051 0.42414583013729495 0 0 0.6094543784635258
1060 0.1186718686003725 0.8625546551422174 1 1 0.6091747211944375
1061 0.5268819561123336 0.454420438908142 0 1 0.6088952037190324
1062 0.8485296022944077 0.13284044430185132 0 0 0.6086158259674311
1063 0.8658860161311913 0.031306444180414505 0 0 0.6083365878697893
1064 0.6599347183463091 0.3400652816536908 0 0 0.6080574893562972
1065 0.7691234262898037 0.23087657371019626 0 0 0.6077785303571807
1066 0.9050802760846868 0.07627834388334258 0 0 0.6074997108026994
1067 0.6478382034447611 0.3521617965552385 0 1 0.6072210306231488
1068 0.33778891400779065 0.662211085992209 1 1 0.6069424897488587
1069 0.44123179645494826 0.558768203545052 1 0 0.606664088110194
1070 0.5274213937524889 0.47257860624751113 0 0 0.606385825637554
1071 0.22211314666558737 0.759385622807156 1 1 0.6061077022613736
1072 0.7381290073124983 0.07670245580089459 0 0 0.6058297179121216
1073 0.4305140950680905 0.5694859049319096 1 0 0.605551872520302
1074 0.15967569657513134 0.8403243034248689 1 1 0.6052741660164532
1075 0.8426413130107434 0.030958141215408182 0 0 0.604996598331149
1076 0.8538933822351039 0.14610661776489642 0 0 0.6047191693949973
1077 0.1741020562845073 0.8258979437154929 1 1 0.6044418791386408
1078 0.3107590105162711 0.6698676506332581 1 0 0.6041647274927568
1079 0.23193006283029957 0.7680699371697004 1 1 0.6038877143880578
1080 0.8560641075168405 0.14393589248315936 0 0 0.6036108397552902
1081 0.9032473357422636 0.0967526642577362 0 0 0.6033341035252354
1082 0.9389027145227874 0.061097285477212174 0 1 0.6030575056287094
1083 0.33274465218218324 0.6672553478178169 1 0 0.6027810459965627
1084 0.8547994742693091 0.14520052573069084 0 0 0.6025047245596803
1085 0.6826345337820982 0.3173654662179019 0 0 0.602228541248982
1086 0.4199501958451478 0.5800498041548523 1 0 0.6019524959954218
1087 0.6905549138157573 0.3094450861842431 0 0 0.6016765887299884
1088 0.26591815574552646 0.7340818442544739 1 0 0.6014008193837053
1089 0.4143452755424113 0.5856547244575889 1 1 0.6011251878876297
1090 0.28119164095022847 0.718808359049772 1 0 0.600849694172854
1091 0.8893338048598606 0.11066619514013944 0 0 0.6005743381705049
1092 0.868194231964108 0.013983489349568947 0 0 0.600299119811743
1093 0.30007061586585587 0.6999293841341439 1 0 0.6000240390277639
1094 0.27298355090814497 0.7270164490918551 1 0 0.5997490957497975
1095 0.41092623808968387 0.5890737619103161 1 0 0.5994742899091079
1096 0.21041508393464375 0.7895849160653563 1 0 0.5991996214369936
1097 0.6314463381117804 0.3685536618882198 0 0 0.5989250902647877
1098 0.802538676923646 0.19746132307635422 0 0 0.598650696323857
1099 0.9639106794732228 0.015813848953604843 0 0 0.5983764395456033
1100 0.10160282254979601 0.898397177450204 1 1 0.5981023198614623
1101 0.9670948361177312 0.03290516388226857 0 0 0.5978283372029043
1102 0.38869760656062036 0.6113023934393793 1 0 0.5975544915014334
1103 0.9500878840231142 0.04991211597688594 0 0 0.5972807826885881
1104 0.6712850423583356 0.31046891803644355 0 0 0.5970072106959413
1105 0.12435301809810514 0.8756469819018955 1 1 0.5967337754551001
1106 0.7466644841260819 0.2533355158739181 0 0 0.5964604768977056
1107 0.1781608303902442 0.8035157184327573 1 0 0.5961873149554333
1108 0.5289905607619484 0.4710094392380516 0 0 0.5959142895599925
1109 0.8118520899060078 0.18814791009399207 0 0 0.5956414006431268
1110 0.5852330180042951 0.39612899601567414 0 0 0.5953686481366142
1111 0.9703497796453139 0.029650220354685865 0 0 0.5950960319722666
1112 0.6135346672682135 0.34698032007984825 0 0 0.5948235520819296
1113 0.6470091241763759 0.35299087582362393 0 1 0.5945512083974837
1114 0.7984172119690427 0.20158278803095753 0 0 0.5942790008508425
1115 0.520588977317958 0.479411022682042 0 0 0.5940069293739545
1116 0.9665996498881702 0.03340035011183005 0 0 0.5937349938988016
1117 0.870974929141422 0.12902507085857795 0 0 0.5934631943574
1118 0.5668914476045496 0.43310855239545076 0 0 0.5931915306817999
1119 0.30903396610790246 0.6909660338920977 1 1 0.5929200028040853
1120 0.4023849069863504 0.5976150930136502 1 0 0.5926486106563742
1121 0.5407746735780404 0.4592253264219595 0 0 0.5923773541708186
1122 0.4960041063792182 0.4844809954963999 0 0 0.5921062332796042
1123 0.4373567161209986 0.5430825562346802 1 1 0.5918352479149512
1124 0.07569996866572085 0.9051565200928404 1 1 0.5915643980091128
1125 0.5699924178017552 0.41185380168423974 0 1 0.5912936834943768
1126 0.7843261720447777 0.19604867130592493 0 0 0.5910231043030645
1127 0.2315673095209346 0.7684326904790653 1 1 0.5907526603675312
1128 0.9107593178963189 0.08924068210368129 0 0 0.5904823516201657
1129 0.3186619726010117 0.6627893041358591 1 1 0.5902121779933909
1130 0.5159656753483337 0.465605937978196 0 1 0.5899421394196634
1131 0.8688000244532963 0.11197710734177711 0 0 0.5896722358314737
1132 0.22677088917765575 0.7732291108223439 1 0 0.5894024671613456
1133 0.4615580018607622 0.4990325470262092 1 1 0.5891328333418372
1134 0.6021132363334956 0.3586564316760637 0 0 0.5888633343055399
1135 0.39263790915149765 0.6073620908485022 1 1 0.588593969985079
1136 0.29885840168762534 0.6820866984305997 1 0 0.5883247403131134
1137 0.6017022427567223 0.39829775724327754 0 0 0.5880556452223358
1138 0.7890748206715459 0.21092517932845425 0 1 0.587786684645472
1139 0.8760578518565104 0.12394214814348971 0 0 0.5875178585152825
1140 0.6732558013734404 0.3075455393757897 0 1 0.5872491667645603
1141 0.46999083742760883 0.5300091625723913 1 1 0.5869806093261325
1142 0.5831092654943565 0.4168907345056437 0 0 0.5867121861328599
1143 0.6160319284601778 0.3839680715398221 0 0 0.5864438971176367
1144 0.8116708317702055 0.18832916822979448 0 0 0.5861757422133904
1145 0.4051273105273609 0.5750510203910753 1 0 0.5859077213530826
1146 0.5000709197783628 0.4999290802216368 0 0 0.5856398344697079
1147 0.7616486769972248 0.21835447621859547 0 0 0.5853720814962946
1148 0.9219007860229224 0.07809921397707774 0 0 0.5851044623659044
1149 0.802038378424788 0.19796162157521185 0 0 0.5848369770116327
1150 0.5364672921952532 0.4635327078047469 0 0 0.584569625366608
1151 0.5098872218334825 0.49011277816651777 0 0 0.5843024073639923
1152 0.3831790868953581 0.6168209131046418 1 1 0.5840353229369813
1153 0.6974381519714403 0.3025618480285601 0 0 0.5837683720188038
1154 0.36841083520868106 0.6315891647913185 1 1 0.5835015545427222
1155 0.8162118954045243 0.18378810459547593 0 0 0.5832348704420319
1156 0.7801255912162662 0.21987440878373396 0 0 0.5829683196500621
1157 0.7287802335863682 0.27121976641363166 0 0 0.5827019021001749
1158 0.3636181571009789 0.6363818428990217 1 0 0.5824356177257659
1159 0.6242587279705699 0.37574127202943014 0 0 0.5821694664602642
1160 0.5811569734645546 0.418843026535446 0 1 0.5819034482371319
1161 0.8333302956440511 0.1666697043559488 0 0 0.5816375629898645
1162 0.4426359040770864 0.5573640959229138 1 0 0.5813718106519905
1163 0.6761466559652003 0.3238533440347995 0 0 0.581106191157072
1164 0.17795362849709867 0.822046371502901 1 0 0.5808407044387041
1165 0.46615082328364377 0.5147669071884732 1 1 0.5805753504305149
1166 0.11638413975927019 0.8836158602407298 1 1 0.5803101290661662
1167 0.6255013159293359 0.3744986840706641 0 0 0.5800450402793526
1168 0.30580639028083473 0.6553315455818247 1 0 0.5797800840038017
1169 0.3730432248497714 0.5878711944944759 1 0 0.5795152601732745
1170 0.6830587866586416 0.2770651602993752 0 0 0.5792505687215652
1171 0.38197582079794323 0.6180241792020571 1 1 0.5789860095825009
1172 0.4548688283249018 0.5051656528163236 1 0 0.5787215826899417
1173 0.275756365785243 0.7242436342147573 1 1 0.5784572879777808
1174 0.875880873920002 0.12411912607999817 0 0 0.5781931253799448
1175 0.6304137135847683 0.3133171809915006 0 0 0.5779290948303928
1176 0.6404607371336456 0.284669082012693 0 0 0.5776651962631173
1177 0.8750739960151278 0.12492600398487194 0 0 0.5774014296121437
1178 0.9055705089927343 0.09442949100726619 0 0 0.5771377948115302
1179 0.5085811416826094 0.49141885831739074 0 1 0.5768742917953681
1180 0.07191218091755935 0.9096511074064101 1 0 0.5766109204977817
1181 0.2780284839484284 0.7033523646164911 1 1 0.5763476808529281
1182 0.5590203121723891 0.4409796878276112 0 0 0.5760845727949976
1183 0.703482777558752 0.29651722244124806 0 0 0.575821596258213
1184 0.9496247162863365 0.050375283713663496 0 0 0.5755587511768302
1185 0.8604109978001632 0.13958900219983683 0 0 0.5752960374851378
0.4741289151723263
0.6233724088286505
0.6655008522551968
0.474  0.000
0.623  0.000
0.666  0.000
